ticker,entity_xid,documentKey,date,headline,fileSize,isPriceSensitive,symbol,url,announcementTypes,companies,companyInfo,symbolsSecondary
G6M,204150649,2924-03099382-2A1676995,2026-06-11T06:29:43.000Z,Change of Director's Interest Notice x2,348KB,false,G6M,,"[""Change of Director's Interest Notice""]","[{""symbolDisplay"": ""G6M""}]","[{""symbol"": ""G6M"", ""xid"": ""142754"", ""ASXSecurityType"": 1, ""displayName"": ""GROUP 6 METALS LIMITED"", ""issueType"": ""CS"", ""issueTypeName"": ""Common Stock"", ""issueTypeCode"": 1, ""isin"": ""AU0000188021"", ""xidEntity"": 204150649, ""sector"": ""Materials"", ""industryGroup"": ""Materials"", ""industry"": ""Metals & Mining"", ""subIndustry"": ""Diversified Metals & Mining""}]","[""G6M"", """"]"
G6M,204150649,2924-03099359-2A1676982,2026-06-11T06:03:58.000Z,Notification of cessation of securities - G6M,12KB,false,G6M,,"[""Appendix 3H (Notification of cessation of securities)""]","[{""symbolDisplay"": ""G6M""}]","[{""symbol"": ""G6M"", ""xid"": ""142754"", ""ASXSecurityType"": 1, ""displayName"": ""GROUP 6 METALS LIMITED"", ""issueType"": ""CS"", ""issueTypeName"": ""Common Stock"", ""issueTypeCode"": 1, ""isin"": ""AU0000188021"", ""xidEntity"": 204150649, ""sector"": ""Materials"", ""industryGroup"": ""Materials"", ""industry"": ""Metals & Mining"", ""subIndustry"": ""Diversified Metals & Mining""}]","[""G6M"", """"]"
G6M,204150649,2924-03096273-2A1675081,2026-06-02T02:16:47.000Z,Notice of General Meeting/Proxy Form,1885KB,false,G6M,,"[""Disclosure Document"", ""Proxy Form"", ""Notice of General Meeting""]","[{""symbolDisplay"": ""G6M""}]","[{""symbol"": ""G6M"", ""xid"": ""142754"", ""ASXSecurityType"": 1, ""displayName"": ""GROUP 6 METALS LIMITED"", ""issueType"": ""CS"", ""issueTypeName"": ""Common Stock"", ""issueTypeCode"": 1, ""isin"": ""AU0000188021"", ""xidEntity"": 204150649, ""sector"": ""Materials"", ""industryGroup"": ""Materials"", ""industry"": ""Metals & Mining"", ""subIndustry"": ""Diversified Metals & Mining""}]","[""G6M"", """"]"
G6M,204150649,2924-03096272-2A1675080,2026-06-02T02:12:22.000Z,ASX Listing Rule 10.1 Breaches and Remedial Action,187KB,true,G6M,,"[""Company Administration - Other""]","[{""symbolDisplay"": ""G6M""}]","[{""symbol"": ""G6M"", ""xid"": ""142754"", ""ASXSecurityType"": 1, ""displayName"": ""GROUP 6 METALS LIMITED"", ""issueType"": ""CS"", ""issueTypeName"": ""Common Stock"", ""issueTypeCode"": 1, ""isin"": ""AU0000188021"", ""xidEntity"": 204150649, ""sector"": ""Materials"", ""industryGroup"": ""Materials"", ""industry"": ""Metals & Mining"", ""subIndustry"": ""Diversified Metals & Mining""}]","[""G6M"", """"]"
G6M,204150649,2924-03083843-2A1668773,2026-04-29T01:53:38.000Z,Quarterly Activities/Appendix 5B Cash Flow Report,508KB,true,G6M,,"[""Third Quarter Activities Report"", ""Third Quarter Cash Flow Report""]","[{""symbolDisplay"": ""G6M""}]","[{""symbol"": ""G6M"", ""xid"": ""142754"", ""ASXSecurityType"": 1, ""displayName"": ""GROUP 6 METALS LIMITED"", ""issueType"": ""CS"", ""issueTypeName"": ""Common Stock"", ""issueTypeCode"": 1, ""isin"": ""AU0000188021"", ""xidEntity"": 204150649, ""sector"": ""Materials"", ""industryGroup"": ""Materials"", ""industry"": ""Metals & Mining"", ""subIndustry"": ""Diversified Metals & Mining""}]","[""G6M"", """"]"
G6M,204150649,2924-03081162-2A1667588,2026-04-21T22:59:58.000Z,G6M Executes Underground Mining Contract,163KB,true,G6M,,"[""Progress Report""]","[{""symbolDisplay"": ""G6M""}]","[{""symbol"": ""G6M"", ""xid"": ""142754"", ""ASXSecurityType"": 1, ""displayName"": ""GROUP 6 METALS LIMITED"", ""issueType"": ""CS"", ""issueTypeName"": ""Common Stock"", ""issueTypeCode"": 1, ""isin"": ""AU0000188021"", ""xidEntity"": 204150649, ""sector"": ""Materials"", ""industryGroup"": ""Materials"", ""industry"": ""Metals & Mining"", ""subIndustry"": ""Diversified Metals & Mining""}]","[""G6M"", """"]"
G6M,204150649,2924-03079987-2A1667083,2026-04-17T04:52:24.000Z,Long Term Suspended Entities,325KB,true,ADY,,"[""Other""]","[{""symbolDisplay"": ""ADY""}, {""symbolDisplay"": ""FFG""}, {""symbolDisplay"": ""AQC""}, {""symbolDisplay"": ""HXL""}, {""symbolDisplay"": ""BCB""}, {""symbolDisplay"": ""SCT""}, {""symbolDisplay"": ""WNR""}, {""symbolDisplay"": ""JAY""}, {""symbolDisplay"": ""CMX""}, {""symbolDisplay"": ""SRT""}, {""symbolDisplay"": ""RIL""}, {""symbolDisplay"": ""NNG""}, {""symbolDisplay"": ""KBC""}, {""symbolDisplay"": ""OPN""}, {""symbolDisplay"": ""KOR""}, {""symbolDisplay"": ""BDM""}, {""symbolDisplay"": ""FCG""}, {""symbolDisplay"": ""G6M""}, {""symbolDisplay"": ""PNM""}, {""symbolDisplay"": ""OZZ""}, {""symbolDisplay"": ""MRC""}, {""symbolDisplay"": ""OPT""}, {""symbolDisplay"": ""GTG""}, {""symbolDisplay"": ""YOW""}, {""symbolDisplay"": ""CTD""}, {""symbolDisplay"": ""NRZ""}, {""symbolDisplay"": ""PIL""}, {""symbolDisplay"": ""PPG""}, {""symbolDisplay"": ""HCD""}, {""symbolDisplay"": ""CL8""}, {""symbolDisplay"": ""VIG""}, {""symbolDisplay"": ""NTM""}, {""symbolDisplay"": ""CLZ""}, {""symbolDisplay"": ""SIV""}, {""symbolDisplay"": ""AMD""}, {""symbolDisplay"": ""MPR""}, {""symbolDisplay"": ""UCM""}, {""symbolDisplay"": ""UBI""}, {""symbolDisplay"": ""ENN""}, {""symbolDisplay"": ""GCR""}, {""symbolDisplay"": ""ICU""}, {""symbolDisplay"": ""CAQ""}]","[{""symbol"": ""ADY"", ""xid"": ""39160"", ""ASXSecurityType"": 1, ""displayName"": ""ADMIRALTY RESOURCES NL."", ""issueType"": ""CS"", ""issueTypeName"": ""Common Stock"", ""issueTypeCode"": 1, ""isin"": ""AU000000ADY7"", ""xidEntity"": 204208522, ""sector"": ""Materials"", ""industryGroup"": ""Materials"", ""industry"": ""Metals & Mining"", ""subIndustry"": ""Diversified Metals & Mining""}]","[""ADY"", ""FFG"", ""AQC"", ""HXL"", ""BCB"", ""SCT"", ""WNR"", ""JAY"", ""CMX"", ""SRT"", ""RIL"", ""NNG"", ""KBC"", ""OPN"", ""KOR"", ""BDM"", ""FCG"", ""G6M"", ""PNM"", ""OZZ"", ""MRC"", ""OPT"", ""GTG"", ""YOW"", ""CTD"", ""NRZ"", ""PIL"", ""PPG"", ""HCD"", ""CL8"", ""VIG"", ""NTM"", ""CLZ"", ""SIV"", ""AMD"", ""MPR"", ""UCM"", ""UBI"", ""ENN"", ""GCR"", ""ICU"", ""CAQ"", """"]"
G6M,204150649,2924-03071345-2A1661923,2026-03-23T21:52:05.000Z,Group 6 Metals Signs Offtake Agreement Extension,209KB,true,G6M,,"[""Progress Report""]","[{""symbolDisplay"": ""G6M""}]","[{""symbol"": ""G6M"", ""xid"": ""142754"", ""ASXSecurityType"": 1, ""displayName"": ""GROUP 6 METALS LIMITED"", ""issueType"": ""CS"", ""issueTypeName"": ""Common Stock"", ""issueTypeCode"": 1, ""isin"": ""AU0000188021"", ""xidEntity"": 204150649, ""sector"": ""Materials"", ""industryGroup"": ""Materials"", ""industry"": ""Metals & Mining"", ""subIndustry"": ""Diversified Metals & Mining""}]","[""G6M"", """"]"
G6M,204150649,2924-03065282-2A1658411,2026-03-05T22:02:37.000Z,G6M Releases FY2026 Half-Year Report,367KB,false,G6M,,"[""Half Yearly Report"", ""Periodic Reports - Other""]","[{""symbolDisplay"": ""G6M""}]","[{""symbol"": ""G6M"", ""xid"": ""142754"", ""ASXSecurityType"": 1, ""displayName"": ""GROUP 6 METALS LIMITED"", ""issueType"": ""CS"", ""issueTypeName"": ""Common Stock"", ""issueTypeCode"": 1, ""isin"": ""AU0000188021"", ""xidEntity"": 204150649, ""sector"": ""Materials"", ""industryGroup"": ""Materials"", ""industry"": ""Metals & Mining"", ""subIndustry"": ""Diversified Metals & Mining""}]","[""G6M"", """"]"
G6M,204150649,2924-03065280-2A1658410,2026-03-05T22:01:57.000Z,FY26 Half-Year Report and Accounts,615KB,true,G6M,,"[""Top 20 shareholders"", ""Half Yearly Report"", ""Half Year Audit Review"", ""Half Year Directors' Statement"", ""Half Year Accounts"", ""Half Year Directors' Report""]","[{""symbolDisplay"": ""G6M""}]","[{""symbol"": ""G6M"", ""xid"": ""142754"", ""ASXSecurityType"": 1, ""displayName"": ""GROUP 6 METALS LIMITED"", ""issueType"": ""CS"", ""issueTypeName"": ""Common Stock"", ""issueTypeCode"": 1, ""isin"": ""AU0000188021"", ""xidEntity"": 204150649, ""sector"": ""Materials"", ""industryGroup"": ""Materials"", ""industry"": ""Metals & Mining"", ""subIndustry"": ""Diversified Metals & Mining""}]","[""G6M"", """"]"
G6M,204150649,2924-03052726-2A1651341,2026-02-03T21:34:21.000Z,Notification of cessation of securities - G6M,12KB,false,G6M,,"[""Appendix 3H (Notification of cessation of securities)""]","[{""symbolDisplay"": ""G6M""}]","[{""symbol"": ""G6M"", ""xid"": ""142754"", ""ASXSecurityType"": 1, ""displayName"": ""GROUP 6 METALS LIMITED"", ""issueType"": ""CS"", ""issueTypeName"": ""Common Stock"", ""issueTypeCode"": 1, ""isin"": ""AU0000188021"", ""xidEntity"": 204150649, ""sector"": ""Materials"", ""industryGroup"": ""Materials"", ""industry"": ""Metals & Mining"", ""subIndustry"": ""Diversified Metals & Mining""}]","[""G6M"", """"]"
G6M,204150649,2924-03048308-2A1649276,2026-01-22T05:31:03.000Z,Long Term Suspended Entities,173KB,true,ADY,,"[""Other""]","[{""symbolDisplay"": ""ADY""}, {""symbolDisplay"": ""AKP""}, {""symbolDisplay"": ""FFG""}, {""symbolDisplay"": ""AQC""}, {""symbolDisplay"": ""HXL""}, {""symbolDisplay"": ""BCB""}, {""symbolDisplay"": ""LEL""}, {""symbolDisplay"": ""SCT""}, {""symbolDisplay"": ""WNR""}, {""symbolDisplay"": ""JAY""}, {""symbolDisplay"": ""CMX""}, {""symbolDisplay"": ""SRT""}, {""symbolDisplay"": ""RIL""}, {""symbolDisplay"": ""NNG""}, {""symbolDisplay"": ""KBC""}, {""symbolDisplay"": ""OPN""}, {""symbolDisplay"": ""KOR""}, {""symbolDisplay"": ""DGL""}, {""symbolDisplay"": ""BDM""}, {""symbolDisplay"": ""FCG""}, {""symbolDisplay"": ""G6M""}, {""symbolDisplay"": ""ICI""}, {""symbolDisplay"": ""PNM""}, {""symbolDisplay"": ""OZZ""}, {""symbolDisplay"": ""MRC""}, {""symbolDisplay"": ""OPT""}, {""symbolDisplay"": ""GTG""}, {""symbolDisplay"": ""YOW""}, {""symbolDisplay"": ""NWF""}, {""symbolDisplay"": ""CTD""}, {""symbolDisplay"": ""NRZ""}, {""symbolDisplay"": ""SN8""}, {""symbolDisplay"": ""DMM""}, {""symbolDisplay"": ""PPG""}, {""symbolDisplay"": ""CL8""}, {""symbolDisplay"": ""VIG""}, {""symbolDisplay"": ""CLZ""}, {""symbolDisplay"": ""SIV""}, {""symbolDisplay"": ""AMD""}, {""symbolDisplay"": ""TIG""}, {""symbolDisplay"": ""UCM""}, {""symbolDisplay"": ""UBI""}, {""symbolDisplay"": ""ENN""}, {""symbolDisplay"": ""KNM""}, {""symbolDisplay"": ""GCR""}, {""symbolDisplay"": ""ICU""}, {""symbolDisplay"": ""AOH""}, {""symbolDisplay"": ""CI1""}, {""symbolDisplay"": ""CAQ""}]","[{""symbol"": ""ADY"", ""xid"": ""39160"", ""ASXSecurityType"": 1, ""displayName"": ""ADMIRALTY RESOURCES NL."", ""issueType"": ""CS"", ""issueTypeName"": ""Common Stock"", ""issueTypeCode"": 1, ""isin"": ""AU000000ADY7"", ""xidEntity"": 204208522, ""sector"": ""Materials"", ""industryGroup"": ""Materials"", ""industry"": ""Metals & Mining"", ""subIndustry"": ""Diversified Metals & Mining""}]","[""ADY"", ""AKP"", ""FFG"", ""AQC"", ""HXL"", ""BCB"", ""LEL"", ""SCT"", ""WNR"", ""JAY"", ""CMX"", ""SRT"", ""RIL"", ""NNG"", ""KBC"", ""OPN"", ""KOR"", ""DGL"", ""BDM"", ""FCG"", ""G6M"", ""ICI"", ""PNM"", ""OZZ"", ""MRC"", ""OPT"", ""GTG"", ""YOW"", ""NWF"", ""CTD"", ""NRZ"", ""SN8"", ""DMM"", ""PPG"", ""CL8"", ""VIG"", ""CLZ"", ""SIV"", ""AMD"", ""TIG"", ""UCM"", ""UBI"", ""ENN"", ""KNM"", ""GCR"", ""ICU"", ""AOH"", ""CI1"", ""CAQ"", """"]"
G6M,204150649,2924-03047592-2A1648958,2026-01-20T06:00:51.000Z,Quarterly Activities/Appendix 5B Cash Flow Report,507KB,true,G6M,,"[""Second Quarter Activities Report"", ""Second Quarter Cash Flow Report""]","[{""symbolDisplay"": ""G6M""}]","[{""symbol"": ""G6M"", ""xid"": ""142754"", ""ASXSecurityType"": 1, ""displayName"": ""GROUP 6 METALS LIMITED"", ""issueType"": ""CS"", ""issueTypeName"": ""Common Stock"", ""issueTypeCode"": 1, ""isin"": ""AU0000188021"", ""xidEntity"": 204150649, ""sector"": ""Materials"", ""industryGroup"": ""Materials"", ""industry"": ""Metals & Mining"", ""subIndustry"": ""Diversified Metals & Mining""}]","[""G6M"", """"]"
G6M,204150649,2924-03043813-2A1646839,2026-01-06T06:24:47.000Z,Notification of cessation of securities - G6M,12KB,false,G6M,,"[""Appendix 3H (Notification of cessation of securities)""]","[{""symbolDisplay"": ""G6M""}]","[{""symbol"": ""G6M"", ""xid"": ""142754"", ""ASXSecurityType"": 1, ""displayName"": ""GROUP 6 METALS LIMITED"", ""issueType"": ""CS"", ""issueTypeName"": ""Common Stock"", ""issueTypeCode"": 1, ""isin"": ""AU0000188021"", ""xidEntity"": 204150649, ""sector"": ""Materials"", ""industryGroup"": ""Materials"", ""industry"": ""Metals & Mining"", ""subIndustry"": ""Diversified Metals & Mining""}]","[""G6M"", """"]"
G6M,204150649,2924-03036956-2A1642827,2025-12-12T05:55:09.000Z,Notification of cessation of securities - G6M,12KB,false,G6M,,"[""Appendix 3H (Notification of cessation of securities)""]","[{""symbolDisplay"": ""G6M""}]","[{""symbol"": ""G6M"", ""xid"": ""142754"", ""ASXSecurityType"": 1, ""displayName"": ""GROUP 6 METALS LIMITED"", ""issueType"": ""CS"", ""issueTypeName"": ""Common Stock"", ""issueTypeCode"": 1, ""isin"": ""AU0000188021"", ""xidEntity"": 204150649, ""sector"": ""Materials"", ""industryGroup"": ""Materials"", ""industry"": ""Metals & Mining"", ""subIndustry"": ""Diversified Metals & Mining""}]","[""G6M"", """"]"
G6M,204150649,2924-03035211-2A1642102,2025-12-09T03:38:54.000Z,Amended Appendix 5B for September Quarter 2025,516KB,true,G6M,,"[""First Quarter Cash Flow Report"", ""Company Administration - Other""]","[{""symbolDisplay"": ""G6M""}]","[{""symbol"": ""G6M"", ""xid"": ""142754"", ""ASXSecurityType"": 1, ""displayName"": ""GROUP 6 METALS LIMITED"", ""issueType"": ""CS"", ""issueTypeName"": ""Common Stock"", ""issueTypeCode"": 1, ""isin"": ""AU0000188021"", ""xidEntity"": 204150649, ""sector"": ""Materials"", ""industryGroup"": ""Materials"", ""industry"": ""Metals & Mining"", ""subIndustry"": ""Diversified Metals & Mining""}]","[""G6M"", """"]"
G6M,204150649,2924-03030213-2A1639442,2025-11-28T02:48:29.000Z,Results of Annual General Meeting,351KB,false,G6M,,"[""Results of Meeting""]","[{""symbolDisplay"": ""G6M""}]","[{""symbol"": ""G6M"", ""xid"": ""142754"", ""ASXSecurityType"": 1, ""displayName"": ""GROUP 6 METALS LIMITED"", ""issueType"": ""CS"", ""issueTypeName"": ""Common Stock"", ""issueTypeCode"": 1, ""isin"": ""AU0000188021"", ""xidEntity"": 204150649, ""sector"": ""Materials"", ""industryGroup"": ""Materials"", ""industry"": ""Metals & Mining"", ""subIndustry"": ""Diversified Metals & Mining""}]","[""G6M"", """"]"
G6M,204150649,2924-03030084-2A1639391,2025-11-28T00:25:13.000Z,2025 AGM - Chairmans Address,216KB,false,G6M,,"[""Chair's Address to Shareholders""]","[{""symbolDisplay"": ""G6M""}]","[{""symbol"": ""G6M"", ""xid"": ""142754"", ""ASXSecurityType"": 1, ""displayName"": ""GROUP 6 METALS LIMITED"", ""issueType"": ""CS"", ""issueTypeName"": ""Common Stock"", ""issueTypeCode"": 1, ""isin"": ""AU0000188021"", ""xidEntity"": 204150649, ""sector"": ""Materials"", ""industryGroup"": ""Materials"", ""industry"": ""Metals & Mining"", ""subIndustry"": ""Diversified Metals & Mining""}]","[""G6M"", """"]"
G6M,204150649,2924-03019811-2A1634290,2025-11-06T00:28:25.000Z,Update on Debt Position after Warrant Conversions,187KB,true,G6M,,"[""Issued Capital - Other""]","[{""symbolDisplay"": ""G6M""}]","[{""symbol"": ""G6M"", ""xid"": ""142754"", ""ASXSecurityType"": 1, ""displayName"": ""GROUP 6 METALS LIMITED"", ""issueType"": ""CS"", ""issueTypeName"": ""Common Stock"", ""issueTypeCode"": 1, ""isin"": ""AU0000188021"", ""xidEntity"": 204150649, ""sector"": ""Materials"", ""industryGroup"": ""Materials"", ""industry"": ""Metals & Mining"", ""subIndustry"": ""Diversified Metals & Mining""}]","[""G6M"", """"]"
G6M,204150649,2924-03019807-2A1634289,2025-11-06T00:23:10.000Z,Notification of cessation of securities - G6M,12KB,false,G6M,,"[""Appendix 3H (Notification of cessation of securities)""]","[{""symbolDisplay"": ""G6M""}]","[{""symbol"": ""G6M"", ""xid"": ""142754"", ""ASXSecurityType"": 1, ""displayName"": ""GROUP 6 METALS LIMITED"", ""issueType"": ""CS"", ""issueTypeName"": ""Common Stock"", ""issueTypeCode"": 1, ""isin"": ""AU0000188021"", ""xidEntity"": 204150649, ""sector"": ""Materials"", ""industryGroup"": ""Materials"", ""industry"": ""Metals & Mining"", ""subIndustry"": ""Diversified Metals & Mining""}]","[""G6M"", """"]"
G6M,204150649,2924-03019595-2A1634119,2025-11-05T21:28:44.000Z,Change of Director's Interest Notice x2,338KB,false,G6M,,"[""Change of Director's Interest Notice""]","[{""symbolDisplay"": ""G6M""}]","[{""symbol"": ""G6M"", ""xid"": ""142754"", ""ASXSecurityType"": 1, ""displayName"": ""GROUP 6 METALS LIMITED"", ""issueType"": ""CS"", ""issueTypeName"": ""Common Stock"", ""issueTypeCode"": 1, ""isin"": ""AU0000188021"", ""xidEntity"": 204150649, ""sector"": ""Materials"", ""industryGroup"": ""Materials"", ""industry"": ""Metals & Mining"", ""subIndustry"": ""Diversified Metals & Mining""}]","[""G6M"", """"]"
G6M,204150649,2924-03019331-2A1634040,2025-11-05T05:09:33.000Z,Ceasing to be a substantial holder - D.A.CH.S. Capital AG,436KB,false,G6M,,"[""Ceasing to be a substantial holder""]","[{""symbolDisplay"": ""G6M""}]","[{""symbol"": ""G6M"", ""xid"": ""142754"", ""ASXSecurityType"": 1, ""displayName"": ""GROUP 6 METALS LIMITED"", ""issueType"": ""CS"", ""issueTypeName"": ""Common Stock"", ""issueTypeCode"": 1, ""isin"": ""AU0000188021"", ""xidEntity"": 204150649, ""sector"": ""Materials"", ""industryGroup"": ""Materials"", ""industry"": ""Metals & Mining"", ""subIndustry"": ""Diversified Metals & Mining""}]","[""G6M"", """"]"
G6M,204150649,2924-03019329-2A1634039,2025-11-05T05:09:03.000Z,Change in substantial holding - Chadwick,1360KB,false,G6M,,"[""Change in substantial holding""]","[{""symbolDisplay"": ""G6M""}]","[{""symbol"": ""G6M"", ""xid"": ""142754"", ""ASXSecurityType"": 1, ""displayName"": ""GROUP 6 METALS LIMITED"", ""issueType"": ""CS"", ""issueTypeName"": ""Common Stock"", ""issueTypeCode"": 1, ""isin"": ""AU0000188021"", ""xidEntity"": 204150649, ""sector"": ""Materials"", ""industryGroup"": ""Materials"", ""industry"": ""Metals & Mining"", ""subIndustry"": ""Diversified Metals & Mining""}]","[""G6M"", """"]"
G6M,204150649,2924-03018835-2A1633784,2025-11-04T05:51:04.000Z,Change in substantial holding,1183KB,false,G6M,,"[""Change in substantial holding""]","[{""symbolDisplay"": ""G6M""}]","[{""symbol"": ""G6M"", ""xid"": ""142754"", ""ASXSecurityType"": 1, ""displayName"": ""GROUP 6 METALS LIMITED"", ""issueType"": ""CS"", ""issueTypeName"": ""Common Stock"", ""issueTypeCode"": 1, ""isin"": ""AU0000188021"", ""xidEntity"": 204150649, ""sector"": ""Materials"", ""industryGroup"": ""Materials"", ""industry"": ""Metals & Mining"", ""subIndustry"": ""Diversified Metals & Mining""}]","[""G6M"", """"]"
G6M,204150649,2924-03017562-2A1633165,2025-10-31T05:17:25.000Z,Change in substantial holding - Pure Transfer,910KB,false,G6M,,"[""Change in substantial holding""]","[{""symbolDisplay"": ""G6M""}]","[{""symbol"": ""G6M"", ""xid"": ""142754"", ""ASXSecurityType"": 1, ""displayName"": ""GROUP 6 METALS LIMITED"", ""issueType"": ""CS"", ""issueTypeName"": ""Common Stock"", ""issueTypeCode"": 1, ""isin"": ""AU0000188021"", ""xidEntity"": 204150649, ""sector"": ""Materials"", ""industryGroup"": ""Materials"", ""industry"": ""Metals & Mining"", ""subIndustry"": ""Diversified Metals & Mining""}]","[""G6M"", """"]"
G6M,204150649,2924-03017555-2A1633163,2025-10-31T05:14:10.000Z,Change in substantial holding - Pure,906KB,false,G6M,,"[""Change in substantial holding""]","[{""symbolDisplay"": ""G6M""}]","[{""symbol"": ""G6M"", ""xid"": ""142754"", ""ASXSecurityType"": 1, ""displayName"": ""GROUP 6 METALS LIMITED"", ""issueType"": ""CS"", ""issueTypeName"": ""Common Stock"", ""issueTypeCode"": 1, ""isin"": ""AU0000188021"", ""xidEntity"": 204150649, ""sector"": ""Materials"", ""industryGroup"": ""Materials"", ""industry"": ""Metals & Mining"", ""subIndustry"": ""Diversified Metals & Mining""}]","[""G6M"", """"]"
G6M,204150649,2924-03017437-2A1633111,2025-10-31T03:15:14.000Z,Application for quotation of securities - G6M,15KB,false,G6M,,"[""Appendix 2A""]","[{""symbolDisplay"": ""G6M""}]","[{""symbol"": ""G6M"", ""xid"": ""142754"", ""ASXSecurityType"": 1, ""displayName"": ""GROUP 6 METALS LIMITED"", ""issueType"": ""CS"", ""issueTypeName"": ""Common Stock"", ""issueTypeCode"": 1, ""isin"": ""AU0000188021"", ""xidEntity"": 204150649, ""sector"": ""Materials"", ""industryGroup"": ""Materials"", ""industry"": ""Metals & Mining"", ""subIndustry"": ""Diversified Metals & Mining""}]","[""G6M"", """"]"
G6M,204150649,2924-03017435-2A1633114,2025-10-31T03:14:19.000Z,Change in substantial holding - Elphinstone,301KB,false,G6M,,"[""Change in substantial holding""]","[{""symbolDisplay"": ""G6M""}]","[{""symbol"": ""G6M"", ""xid"": ""142754"", ""ASXSecurityType"": 1, ""displayName"": ""GROUP 6 METALS LIMITED"", ""issueType"": ""CS"", ""issueTypeName"": ""Common Stock"", ""issueTypeCode"": 1, ""isin"": ""AU0000188021"", ""xidEntity"": 204150649, ""sector"": ""Materials"", ""industryGroup"": ""Materials"", ""industry"": ""Metals & Mining"", ""subIndustry"": ""Diversified Metals & Mining""}]","[""G6M"", """"]"
G6M,204150649,2924-03015627-2A1632325,2025-10-29T02:26:25.000Z,Application for quotation of securities - G6M,15KB,false,G6M,,"[""Appendix 2A""]","[{""symbolDisplay"": ""G6M""}]","[{""symbol"": ""G6M"", ""xid"": ""142754"", ""ASXSecurityType"": 1, ""displayName"": ""GROUP 6 METALS LIMITED"", ""issueType"": ""CS"", ""issueTypeName"": ""Common Stock"", ""issueTypeCode"": 1, ""isin"": ""AU0000188021"", ""xidEntity"": 204150649, ""sector"": ""Materials"", ""industryGroup"": ""Materials"", ""industry"": ""Metals & Mining"", ""subIndustry"": ""Diversified Metals & Mining""}]","[""G6M"", """"]"
G6M,204150649,2924-03014130-2A1631750,2025-10-27T05:25:27.000Z,Notice of Annual General Meeting/Proxy Form,561KB,false,G6M,,"[""Web Cast"", ""Notice of Annual General Meeting"", ""Proxy Form"", ""Letter to Shareholders""]","[{""symbolDisplay"": ""G6M""}]","[{""symbol"": ""G6M"", ""xid"": ""142754"", ""ASXSecurityType"": 1, ""displayName"": ""GROUP 6 METALS LIMITED"", ""issueType"": ""CS"", ""issueTypeName"": ""Common Stock"", ""issueTypeCode"": 1, ""isin"": ""AU0000188021"", ""xidEntity"": 204150649, ""sector"": ""Materials"", ""industryGroup"": ""Materials"", ""industry"": ""Metals & Mining"", ""subIndustry"": ""Diversified Metals & Mining""}]","[""G6M"", """"]"
G6M,204150649,2924-03013947-2A1631596,2025-10-27T00:47:45.000Z,Quarterly Activities/Appendix 5B Cash Flow Report,324KB,true,G6M,,"[""First Quarter Activities Report"", ""First Quarter Cash Flow Report""]","[{""symbolDisplay"": ""G6M""}]","[{""symbol"": ""G6M"", ""xid"": ""142754"", ""ASXSecurityType"": 1, ""displayName"": ""GROUP 6 METALS LIMITED"", ""issueType"": ""CS"", ""issueTypeName"": ""Common Stock"", ""issueTypeCode"": 1, ""isin"": ""AU0000188021"", ""xidEntity"": 204150649, ""sector"": ""Materials"", ""industryGroup"": ""Materials"", ""industry"": ""Metals & Mining"", ""subIndustry"": ""Diversified Metals & Mining""}]","[""G6M"", """"]"
G6M,204150649,2924-03008534-6A1290406,2025-10-15T05:15:16.000Z,Long Term Suspended Entities,222KB,true,AMD,,"[""Other""]","[{""symbolDisplay"": ""AMD""}, {""symbolDisplay"": ""TI1""}, {""symbolDisplay"": ""AKP""}, {""symbolDisplay"": ""FFG""}, {""symbolDisplay"": ""HXL""}, {""symbolDisplay"": ""GTH""}, {""symbolDisplay"": ""LEL""}, {""symbolDisplay"": ""SCT""}, {""symbolDisplay"": ""WNR""}, {""symbolDisplay"": ""MBX""}, {""symbolDisplay"": ""CMX""}, {""symbolDisplay"": ""ICN""}, {""symbolDisplay"": ""SRT""}, {""symbolDisplay"": ""RIL""}, {""symbolDisplay"": ""NNG""}, {""symbolDisplay"": ""KBC""}, {""symbolDisplay"": ""OPN""}, {""symbolDisplay"": ""KOR""}, {""symbolDisplay"": ""NZS""}, {""symbolDisplay"": ""MRI""}, {""symbolDisplay"": ""FCG""}, {""symbolDisplay"": ""G6M""}, {""symbolDisplay"": ""MRZ""}, {""symbolDisplay"": ""ICI""}, {""symbolDisplay"": ""PNM""}, {""symbolDisplay"": ""OZZ""}, {""symbolDisplay"": ""MRC""}, {""symbolDisplay"": ""OPT""}, {""symbolDisplay"": ""GTG""}, {""symbolDisplay"": ""YOW""}, {""symbolDisplay"": ""NWF""}, {""symbolDisplay"": ""NRZ""}, {""symbolDisplay"": ""NET""}, {""symbolDisplay"": ""EMS""}, {""symbolDisplay"": ""DMM""}, {""symbolDisplay"": ""EPN""}, {""symbolDisplay"": ""CL8""}, {""symbolDisplay"": ""CLZ""}, {""symbolDisplay"": ""SIV""}, {""symbolDisplay"": ""TIG""}, {""symbolDisplay"": ""ENN""}, {""symbolDisplay"": ""RYZ""}, {""symbolDisplay"": ""VMG""}, {""symbolDisplay"": ""KNM""}, {""symbolDisplay"": ""GCR""}, {""symbolDisplay"": ""AOH""}, {""symbolDisplay"": ""BOD""}, {""symbolDisplay"": ""CI1""}, {""symbolDisplay"": ""AR1""}]","[{""symbol"": ""AMD"", ""xid"": ""3145470"", ""ASXSecurityType"": 1, ""displayName"": ""ARROW MINERALS LTD"", ""issueType"": ""CS"", ""issueTypeName"": ""Common Stock"", ""issueTypeCode"": 1, ""isin"": ""AU000000AMD2"", ""xidEntity"": 204284091, ""sector"": ""Materials"", ""industryGroup"": ""Materials"", ""industry"": ""Metals & Mining"", ""subIndustry"": ""Diversified Metals & Mining""}]","[""AMD"", ""TI1"", ""AKP"", ""FFG"", ""HXL"", ""GTH"", ""LEL"", ""SCT"", ""WNR"", ""MBX"", ""CMX"", ""ICN"", ""SRT"", ""RIL"", ""NNG"", ""KBC"", ""OPN"", ""KOR"", ""NZS"", ""MRI"", ""FCG"", ""G6M"", ""MRZ"", ""ICI"", ""PNM"", ""OZZ"", ""MRC"", ""OPT"", ""GTG"", ""YOW"", ""NWF"", ""NRZ"", ""NET"", ""EMS"", ""DMM"", ""EPN"", ""CL8"", ""CLZ"", ""SIV"", ""TIG"", ""ENN"", ""RYZ"", ""VMG"", ""KNM"", ""GCR"", ""AOH"", ""BOD"", ""CI1"", ""AR1"", """"]"
G6M,204150649,2924-03003525-2A1626877,2025-10-03T06:56:43.000Z,Date of AGM and Closing Date for Director Nominations,168KB,false,G6M,,"[""Notice of Meeting - Other"", ""Company Administration - Other""]","[{""symbolDisplay"": ""G6M""}]","[{""symbol"": ""G6M"", ""xid"": ""142754"", ""ASXSecurityType"": 1, ""displayName"": ""GROUP 6 METALS LIMITED"", ""issueType"": ""CS"", ""issueTypeName"": ""Common Stock"", ""issueTypeCode"": 1, ""isin"": ""AU0000188021"", ""xidEntity"": 204150649, ""sector"": ""Materials"", ""industryGroup"": ""Materials"", ""industry"": ""Metals & Mining"", ""subIndustry"": ""Diversified Metals & Mining""}]","[""G6M"", """"]"
G6M,204150649,2924-03001624-2A1625666,2025-09-30T22:36:16.000Z,2025 Appendix 4G and Corporate Governance Statement,547KB,false,G6M,,"[""Corporate Governance"", ""Appendix 4G""]","[{""symbolDisplay"": ""G6M""}]","[{""symbol"": ""G6M"", ""xid"": ""142754"", ""ASXSecurityType"": 1, ""displayName"": ""GROUP 6 METALS LIMITED"", ""issueType"": ""CS"", ""issueTypeName"": ""Common Stock"", ""issueTypeCode"": 1, ""isin"": ""AU0000188021"", ""xidEntity"": 204150649, ""sector"": ""Materials"", ""industryGroup"": ""Materials"", ""industry"": ""Metals & Mining"", ""subIndustry"": ""Diversified Metals & Mining""}]","[""G6M"", """"]"
G6M,204150649,2924-03001623-2A1625665,2025-09-30T22:36:01.000Z,FY2025 Annual Report to Shareholders,1524KB,false,G6M,,"[""Annual Report"", ""Top 20 shareholders"", ""Full Year Accounts"", ""Full Year Audit Review"", ""Full Year Directors' Statement"", ""Full Year Directors' Report""]","[{""symbolDisplay"": ""G6M""}]","[{""symbol"": ""G6M"", ""xid"": ""142754"", ""ASXSecurityType"": 1, ""displayName"": ""GROUP 6 METALS LIMITED"", ""issueType"": ""CS"", ""issueTypeName"": ""Common Stock"", ""issueTypeCode"": 1, ""isin"": ""AU0000188021"", ""xidEntity"": 204150649, ""sector"": ""Materials"", ""industryGroup"": ""Materials"", ""industry"": ""Metals & Mining"", ""subIndustry"": ""Diversified Metals & Mining""}]","[""G6M"", """"]"
G6M,204150649,2924-03001000-2A1625428,2025-09-30T06:10:49.000Z,Securities Trading Policy,261KB,false,G6M,,"[""Trading Policy""]","[{""symbolDisplay"": ""G6M""}]","[{""symbol"": ""G6M"", ""xid"": ""142754"", ""ASXSecurityType"": 1, ""displayName"": ""GROUP 6 METALS LIMITED"", ""issueType"": ""CS"", ""issueTypeName"": ""Common Stock"", ""issueTypeCode"": 1, ""isin"": ""AU0000188021"", ""xidEntity"": 204150649, ""sector"": ""Materials"", ""industryGroup"": ""Materials"", ""industry"": ""Metals & Mining"", ""subIndustry"": ""Diversified Metals & Mining""}]","[""G6M"", """"]"
G6M,204150649,2924-02999056-2A1624508,2025-09-26T03:54:27.000Z,Notice of Upcoming Expiry of Unlisted Warrants,658KB,false,G6M,,"[""Issued Capital - Other"", ""Letter to Shareholders - Other""]","[{""symbolDisplay"": ""G6M""}]","[{""symbol"": ""G6M"", ""xid"": ""142754"", ""ASXSecurityType"": 1, ""displayName"": ""GROUP 6 METALS LIMITED"", ""issueType"": ""CS"", ""issueTypeName"": ""Common Stock"", ""issueTypeCode"": 1, ""isin"": ""AU0000188021"", ""xidEntity"": 204150649, ""sector"": ""Materials"", ""industryGroup"": ""Materials"", ""industry"": ""Metals & Mining"", ""subIndustry"": ""Diversified Metals & Mining""}]","[""G6M"", """"]"
G6M,204150649,2924-02981077-2A1614971,2025-08-20T08:05:06.000Z,Change of Auditor,165KB,false,G6M,,"[""Details of Auditor Appointment/Resignation""]","[{""symbolDisplay"": ""G6M""}]","[{""symbol"": ""G6M"", ""xid"": ""142754"", ""ASXSecurityType"": 1, ""displayName"": ""GROUP 6 METALS LIMITED"", ""issueType"": ""CS"", ""issueTypeName"": ""Common Stock"", ""issueTypeCode"": 1, ""isin"": ""AU0000188021"", ""xidEntity"": 204150649, ""sector"": ""Materials"", ""industryGroup"": ""Materials"", ""industry"": ""Metals & Mining"", ""subIndustry"": ""Diversified Metals & Mining""}]","[""G6M"", """"]"
G6M,204150649,2924-02980909-2A1614883,2025-08-20T02:31:04.000Z,Results of Meeting,300KB,false,G6M,,"[""Results of Meeting""]","[{""symbolDisplay"": ""G6M""}]","[{""symbol"": ""G6M"", ""xid"": ""142754"", ""ASXSecurityType"": 1, ""displayName"": ""GROUP 6 METALS LIMITED"", ""issueType"": ""CS"", ""issueTypeName"": ""Common Stock"", ""issueTypeCode"": 1, ""isin"": ""AU0000188021"", ""xidEntity"": 204150649, ""sector"": ""Materials"", ""industryGroup"": ""Materials"", ""industry"": ""Metals & Mining"", ""subIndustry"": ""Diversified Metals & Mining""}]","[""G6M"", """"]"
G6M,204150649,2924-02980864-2A1614862,2025-08-20T00:54:08.000Z,Reconvened 2024 AGM - Chairman's Opening Address,178KB,false,G6M,,"[""Chair's Address to Shareholders""]","[{""symbolDisplay"": ""G6M""}]","[{""symbol"": ""G6M"", ""xid"": ""142754"", ""ASXSecurityType"": 1, ""displayName"": ""GROUP 6 METALS LIMITED"", ""issueType"": ""CS"", ""issueTypeName"": ""Common Stock"", ""issueTypeCode"": 1, ""isin"": ""AU0000188021"", ""xidEntity"": 204150649, ""sector"": ""Materials"", ""industryGroup"": ""Materials"", ""industry"": ""Metals & Mining"", ""subIndustry"": ""Diversified Metals & Mining""}]","[""G6M"", """"]"
G6M,204150649,2924-02980611-2A1614639,2025-08-19T22:41:07.000Z,Consolidation/Split - G6M,20KB,false,G6M,,"[""Capital Reconstruction"", ""Alteration to issued capital""]","[{""symbolDisplay"": ""G6M""}]","[{""symbol"": ""G6M"", ""xid"": ""142754"", ""ASXSecurityType"": 1, ""displayName"": ""GROUP 6 METALS LIMITED"", ""issueType"": ""CS"", ""issueTypeName"": ""Common Stock"", ""issueTypeCode"": 1, ""isin"": ""AU0000188021"", ""xidEntity"": 204150649, ""sector"": ""Materials"", ""industryGroup"": ""Materials"", ""industry"": ""Metals & Mining"", ""subIndustry"": ""Diversified Metals & Mining""}]","[""G6M"", """"]"
G6M,204150649,2924-02977003-2A1612865,2025-08-10T22:51:32.000Z,Change of Registered Address and Principal Place of Business,162KB,false,G6M,,"[""Details of Company Address"", ""Details of Registered office address""]","[{""symbolDisplay"": ""G6M""}]","[{""symbol"": ""G6M"", ""xid"": ""142754"", ""ASXSecurityType"": 1, ""displayName"": ""GROUP 6 METALS LIMITED"", ""issueType"": ""CS"", ""issueTypeName"": ""Common Stock"", ""issueTypeCode"": 1, ""isin"": ""AU0000188021"", ""xidEntity"": 204150649, ""sector"": ""Materials"", ""industryGroup"": ""Materials"", ""industry"": ""Metals & Mining"", ""subIndustry"": ""Diversified Metals & Mining""}]","[""G6M"", """"]"
G6M,204150649,2924-02973241-2A1610857,2025-07-30T23:30:14.000Z,Quarterly Activities/Appendix 5B Cash Flow Report,479KB,true,G6M,,"[""Fourth Quarter Activities Report"", ""Fourth Quarter Cash Flow Report""]","[{""symbolDisplay"": ""G6M""}]","[{""symbol"": ""G6M"", ""xid"": ""142754"", ""ASXSecurityType"": 1, ""displayName"": ""GROUP 6 METALS LIMITED"", ""issueType"": ""CS"", ""issueTypeName"": ""Common Stock"", ""issueTypeCode"": 1, ""isin"": ""AU0000188021"", ""xidEntity"": 204150649, ""sector"": ""Materials"", ""industryGroup"": ""Materials"", ""industry"": ""Metals & Mining"", ""subIndustry"": ""Diversified Metals & Mining""}]","[""G6M"", """"]"
G6M,204150649,2924-02968890-2A1609151,2025-07-18T05:58:51.000Z,Notice of Reconvened 2024 AGM / Proxy Form,694KB,true,G6M,,"[""Web Cast"", ""Capital Reconstruction"", ""Notice of Annual General Meeting"", ""Proxy Form"", ""Letter to Shareholders""]","[{""symbolDisplay"": ""G6M""}]","[{""symbol"": ""G6M"", ""xid"": ""142754"", ""ASXSecurityType"": 1, ""displayName"": ""GROUP 6 METALS LIMITED"", ""issueType"": ""CS"", ""issueTypeName"": ""Common Stock"", ""issueTypeCode"": 1, ""isin"": ""AU0000188021"", ""xidEntity"": 204150649, ""sector"": ""Materials"", ""industryGroup"": ""Materials"", ""industry"": ""Metals & Mining"", ""subIndustry"": ""Diversified Metals & Mining""}]","[""G6M"", """"]"
G6M,204150649,2924-02968116-2A1608782,2025-07-16T06:15:51.000Z,Long Term Suspended Entities,262KB,true,AYI,,"[""Other""]","[{""symbolDisplay"": ""AYI""}, {""symbolDisplay"": ""TI1""}, {""symbolDisplay"": ""AKP""}, {""symbolDisplay"": ""CNJ""}, {""symbolDisplay"": ""FFG""}, {""symbolDisplay"": ""HXL""}, {""symbolDisplay"": ""GTH""}, {""symbolDisplay"": ""ETR""}, {""symbolDisplay"": ""HPP""}, {""symbolDisplay"": ""LEL""}, {""symbolDisplay"": ""SCT""}, {""symbolDisplay"": ""BCT""}, {""symbolDisplay"": ""BHM""}, {""symbolDisplay"": ""MBX""}, {""symbolDisplay"": ""CMX""}, {""symbolDisplay"": ""ICN""}, {""symbolDisplay"": ""HGL""}, {""symbolDisplay"": ""SRT""}, {""symbolDisplay"": ""RIL""}, {""symbolDisplay"": ""NNG""}, {""symbolDisplay"": ""KBC""}, {""symbolDisplay"": ""OPN""}, {""symbolDisplay"": ""WKT""}, {""symbolDisplay"": ""KOR""}, {""symbolDisplay"": ""NZS""}, {""symbolDisplay"": ""LPD""}, {""symbolDisplay"": ""MRI""}, {""symbolDisplay"": ""OXT""}, {""symbolDisplay"": ""FCG""}, {""symbolDisplay"": ""G6M""}, {""symbolDisplay"": ""MRZ""}, {""symbolDisplay"": ""ICI""}, {""symbolDisplay"": ""PNM""}, {""symbolDisplay"": ""OZZ""}, {""symbolDisplay"": ""MHI""}, {""symbolDisplay"": ""LHM""}, {""symbolDisplay"": ""MRC""}, {""symbolDisplay"": ""OPT""}, {""symbolDisplay"": ""STA""}, {""symbolDisplay"": ""GTG""}, {""symbolDisplay"": ""YOW""}, {""symbolDisplay"": ""NWF""}, {""symbolDisplay"": ""LLL""}, {""symbolDisplay"": ""NRZ""}, {""symbolDisplay"": ""NET""}, {""symbolDisplay"": ""MOZ""}, {""symbolDisplay"": ""CXM""}, {""symbolDisplay"": ""FNX""}, {""symbolDisplay"": ""DMM""}, {""symbolDisplay"": ""TSI""}, {""symbolDisplay"": ""BFC""}, {""symbolDisplay"": ""EPN""}, {""symbolDisplay"": ""XTC""}, {""symbolDisplay"": ""WFL""}, {""symbolDisplay"": ""PET""}, {""symbolDisplay"": ""CL8""}, {""symbolDisplay"": ""AO1""}, {""symbolDisplay"": ""RFX""}, {""symbolDisplay"": ""REX""}, {""symbolDisplay"": ""CLZ""}, {""symbolDisplay"": ""SIV""}, {""symbolDisplay"": ""SIT""}, {""symbolDisplay"": ""TIG""}, {""symbolDisplay"": ""ENN""}, {""symbolDisplay"": ""MNS""}, {""symbolDisplay"": ""VMG""}, {""symbolDisplay"": ""XST""}, {""symbolDisplay"": ""KNM""}, {""symbolDisplay"": ""GGX""}, {""symbolDisplay"": ""GCR""}, {""symbolDisplay"": ""FSG""}, {""symbolDisplay"": ""AOH""}, {""symbolDisplay"": ""RXH""}, {""symbolDisplay"": ""BOD""}, {""symbolDisplay"": ""AHI""}, {""symbolDisplay"": ""SRY""}, {""symbolDisplay"": ""CI1""}, {""symbolDisplay"": ""AR1""}]",[],"[""AYI"", ""TI1"", ""AKP"", ""CNJ"", ""FFG"", ""HXL"", ""GTH"", ""ETR"", ""HPP"", ""LEL"", ""SCT"", ""BCT"", ""BHM"", ""MBX"", ""CMX"", ""ICN"", ""HGL"", ""SRT"", ""RIL"", ""NNG"", ""KBC"", ""OPN"", ""WKT"", ""KOR"", ""NZS"", ""LPD"", ""MRI"", ""OXT"", ""FCG"", ""G6M"", ""MRZ"", ""ICI"", ""PNM"", ""OZZ"", ""MHI"", ""LHM"", ""MRC"", ""OPT"", ""STA"", ""GTG"", ""YOW"", ""NWF"", ""LLL"", ""NRZ"", ""NET"", ""MOZ"", ""CXM"", ""FNX"", ""DMM"", ""TSI"", ""BFC"", ""EPN"", ""XTC"", ""WFL"", ""PET"", ""CL8"", ""AO1"", ""RFX"", ""REX"", ""CLZ"", ""SIV"", ""SIT"", ""TIG"", ""ENN"", ""MNS"", ""VMG"", ""XST"", ""KNM"", ""GGX"", ""GCR"", ""FSG"", ""AOH"", ""RXH"", ""BOD"", ""AHI"", ""SRY"", ""CI1"", ""AR1"", """"]"
G6M,204150649,2924-02967532-2A1608417,2025-07-14T22:46:50.000Z,Notification of cessation of securities - G6M,12KB,false,G6M,,"[""Appendix 3H (Notification of cessation of securities)""]","[{""symbolDisplay"": ""G6M""}]","[{""symbol"": ""G6M"", ""xid"": ""142754"", ""ASXSecurityType"": 1, ""displayName"": ""GROUP 6 METALS LIMITED"", ""issueType"": ""CS"", ""issueTypeName"": ""Common Stock"", ""issueTypeCode"": 1, ""isin"": ""AU0000188021"", ""xidEntity"": 204150649, ""sector"": ""Materials"", ""industryGroup"": ""Materials"", ""industry"": ""Metals & Mining"", ""subIndustry"": ""Diversified Metals & Mining""}]","[""G6M"", """"]"
G6M,204150649,2924-02966151-2A1607867,2025-07-09T08:17:41.000Z,Change of Director's Interest Notice x2,335KB,false,G6M,,"[""Change of Director's Interest Notice""]","[{""symbolDisplay"": ""G6M""}]","[{""symbol"": ""G6M"", ""xid"": ""142754"", ""ASXSecurityType"": 1, ""displayName"": ""GROUP 6 METALS LIMITED"", ""issueType"": ""CS"", ""issueTypeName"": ""Common Stock"", ""issueTypeCode"": 1, ""isin"": ""AU0000188021"", ""xidEntity"": 204150649, ""sector"": ""Materials"", ""industryGroup"": ""Materials"", ""industry"": ""Metals & Mining"", ""subIndustry"": ""Diversified Metals & Mining""}]","[""G6M"", """"]"
G6M,204150649,2924-02966150-2A1607866,2025-07-09T08:17:21.000Z,Notification of cessation of securities - G6M,12KB,false,G6M,,"[""Appendix 3H (Notification of cessation of securities)""]","[{""symbolDisplay"": ""G6M""}]","[{""symbol"": ""G6M"", ""xid"": ""142754"", ""ASXSecurityType"": 1, ""displayName"": ""GROUP 6 METALS LIMITED"", ""issueType"": ""CS"", ""issueTypeName"": ""Common Stock"", ""issueTypeCode"": 1, ""isin"": ""AU0000188021"", ""xidEntity"": 204150649, ""sector"": ""Materials"", ""industryGroup"": ""Materials"", ""industry"": ""Metals & Mining"", ""subIndustry"": ""Diversified Metals & Mining""}]","[""G6M"", """"]"
G6M,204150649,2924-02964735-2A1606982,2025-07-06T22:35:11.000Z,G6M Releases FY2025 Half-Year Report,156KB,false,G6M,,"[""Half Yearly Report""]","[{""symbolDisplay"": ""G6M""}]","[{""symbol"": ""G6M"", ""xid"": ""142754"", ""ASXSecurityType"": 1, ""displayName"": ""GROUP 6 METALS LIMITED"", ""issueType"": ""CS"", ""issueTypeName"": ""Common Stock"", ""issueTypeCode"": 1, ""isin"": ""AU0000188021"", ""xidEntity"": 204150649, ""sector"": ""Materials"", ""industryGroup"": ""Materials"", ""industry"": ""Metals & Mining"", ""subIndustry"": ""Diversified Metals & Mining""}]","[""G6M"", """"]"
G6M,204150649,2924-02964734-2A1606981,2025-07-06T22:34:46.000Z,FY25 Half-Year Report and Accounts,728KB,true,G6M,,"[""Top 20 shareholders"", ""Half Yearly Report"", ""Half Year Audit Review"", ""Half Year Directors' Statement"", ""Half Year Accounts"", ""Half Year Directors' Report""]","[{""symbolDisplay"": ""G6M""}]","[{""symbol"": ""G6M"", ""xid"": ""142754"", ""ASXSecurityType"": 1, ""displayName"": ""GROUP 6 METALS LIMITED"", ""issueType"": ""CS"", ""issueTypeName"": ""Common Stock"", ""issueTypeCode"": 1, ""isin"": ""AU0000188021"", ""xidEntity"": 204150649, ""sector"": ""Materials"", ""industryGroup"": ""Materials"", ""industry"": ""Metals & Mining"", ""subIndustry"": ""Diversified Metals & Mining""}]","[""G6M"", """"]"
G6M,204150649,2924-02962525-2A1605217,2025-06-30T23:17:20.000Z,G6M Releases 2024 Annual Report,250KB,false,G6M,,"[""Annual Report""]","[{""symbolDisplay"": ""G6M""}]","[{""symbol"": ""G6M"", ""xid"": ""142754"", ""ASXSecurityType"": 1, ""displayName"": ""GROUP 6 METALS LIMITED"", ""issueType"": ""CS"", ""issueTypeName"": ""Common Stock"", ""issueTypeCode"": 1, ""isin"": ""AU0000188021"", ""xidEntity"": 204150649, ""sector"": ""Materials"", ""industryGroup"": ""Materials"", ""industry"": ""Metals & Mining"", ""subIndustry"": ""Diversified Metals & Mining""}]","[""G6M"", """"]"
G6M,204150649,2924-02962523-2A1605216,2025-06-30T23:17:00.000Z,2024 Appendix 4G and Corporate Governance Statement,718KB,false,G6M,,"[""Corporate Governance"", ""Appendix 4G""]","[{""symbolDisplay"": ""G6M""}]","[{""symbol"": ""G6M"", ""xid"": ""142754"", ""ASXSecurityType"": 1, ""displayName"": ""GROUP 6 METALS LIMITED"", ""issueType"": ""CS"", ""issueTypeName"": ""Common Stock"", ""issueTypeCode"": 1, ""isin"": ""AU0000188021"", ""xidEntity"": 204150649, ""sector"": ""Materials"", ""industryGroup"": ""Materials"", ""industry"": ""Metals & Mining"", ""subIndustry"": ""Diversified Metals & Mining""}]","[""G6M"", """"]"
G6M,204150649,2924-02962519-2A1605214,2025-06-30T23:16:10.000Z,FY2024 Annual Report to shareholders,1524KB,false,G6M,,"[""Annual Report"", ""Top 20 shareholders"", ""Full Year Accounts"", ""Full Year Audit Review"", ""Full Year Directors' Statement"", ""Full Year Directors' Report""]","[{""symbolDisplay"": ""G6M""}]","[{""symbol"": ""G6M"", ""xid"": ""142754"", ""ASXSecurityType"": 1, ""displayName"": ""GROUP 6 METALS LIMITED"", ""issueType"": ""CS"", ""issueTypeName"": ""Common Stock"", ""issueTypeCode"": 1, ""isin"": ""AU0000188021"", ""xidEntity"": 204150649, ""sector"": ""Materials"", ""industryGroup"": ""Materials"", ""industry"": ""Metals & Mining"", ""subIndustry"": ""Diversified Metals & Mining""}]","[""G6M"", """"]"
G6M,204150649,2924-02959065-2A1602978,2025-06-22T22:49:55.000Z,Change of Director's Interest Notice x2,437KB,false,G6M,,"[""Change of Director's Interest Notice""]","[{""symbolDisplay"": ""G6M""}]","[{""symbol"": ""G6M"", ""xid"": ""142754"", ""ASXSecurityType"": 1, ""displayName"": ""GROUP 6 METALS LIMITED"", ""issueType"": ""CS"", ""issueTypeName"": ""Common Stock"", ""issueTypeCode"": 1, ""isin"": ""AU0000188021"", ""xidEntity"": 204150649, ""sector"": ""Materials"", ""industryGroup"": ""Materials"", ""industry"": ""Metals & Mining"", ""subIndustry"": ""Diversified Metals & Mining""}]","[""G6M"", """"]"
G6M,204150649,2924-02959064-2A1602977,2025-06-22T22:49:10.000Z,Notification of cessation of securities - G6M,12KB,false,G6M,,"[""Appendix 3H (Notification of cessation of securities)""]","[{""symbolDisplay"": ""G6M""}]","[{""symbol"": ""G6M"", ""xid"": ""142754"", ""ASXSecurityType"": 1, ""displayName"": ""GROUP 6 METALS LIMITED"", ""issueType"": ""CS"", ""issueTypeName"": ""Common Stock"", ""issueTypeCode"": 1, ""isin"": ""AU0000188021"", ""xidEntity"": 204150649, ""sector"": ""Materials"", ""industryGroup"": ""Materials"", ""industry"": ""Metals & Mining"", ""subIndustry"": ""Diversified Metals & Mining""}]","[""G6M"", """"]"
G6M,204150649,2924-02944310-2A1595201,2025-05-07T01:16:53.000Z,Change in substantial holding - D.A.CH.S Capital A.G.,833KB,false,G6M,,"[""Change in substantial holding""]","[{""symbolDisplay"": ""G6M""}]","[{""symbol"": ""G6M"", ""xid"": ""142754"", ""ASXSecurityType"": 1, ""displayName"": ""GROUP 6 METALS LIMITED"", ""issueType"": ""CS"", ""issueTypeName"": ""Common Stock"", ""issueTypeCode"": 1, ""isin"": ""AU0000188021"", ""xidEntity"": 204150649, ""sector"": ""Materials"", ""industryGroup"": ""Materials"", ""industry"": ""Metals & Mining"", ""subIndustry"": ""Diversified Metals & Mining""}]","[""G6M"", """"]"
G6M,204150649,2924-02944046-2A1595054,2025-05-06T22:17:03.000Z,Confirmation of Escrow Arrangements,158KB,false,G6M,,"[""Issued Capital - Other""]","[{""symbolDisplay"": ""G6M""}]","[{""symbol"": ""G6M"", ""xid"": ""142754"", ""ASXSecurityType"": 1, ""displayName"": ""GROUP 6 METALS LIMITED"", ""issueType"": ""CS"", ""issueTypeName"": ""Common Stock"", ""issueTypeCode"": 1, ""isin"": ""AU0000188021"", ""xidEntity"": 204150649, ""sector"": ""Materials"", ""industryGroup"": ""Materials"", ""industry"": ""Metals & Mining"", ""subIndustry"": ""Diversified Metals & Mining""}]","[""G6M"", """"]"
G6M,204150649,2924-02944009-2A1595055,2025-05-06T09:00:39.000Z,Change in substantial holding - Chadwick,269KB,false,G6M,,"[""Change in substantial holding""]","[{""symbolDisplay"": ""G6M""}]","[{""symbol"": ""G6M"", ""xid"": ""142754"", ""ASXSecurityType"": 1, ""displayName"": ""GROUP 6 METALS LIMITED"", ""issueType"": ""CS"", ""issueTypeName"": ""Common Stock"", ""issueTypeCode"": 1, ""isin"": ""AU0000188021"", ""xidEntity"": 204150649, ""sector"": ""Materials"", ""industryGroup"": ""Materials"", ""industry"": ""Metals & Mining"", ""subIndustry"": ""Diversified Metals & Mining""}]","[""G6M"", """"]"
G6M,204150649,2924-02943961-2A1594986,2025-05-06T06:40:49.000Z,Becoming a substantial holder,169KB,false,G6M,,"[""Becoming a substantial holder""]","[{""symbolDisplay"": ""G6M""}]","[{""symbol"": ""G6M"", ""xid"": ""142754"", ""ASXSecurityType"": 1, ""displayName"": ""GROUP 6 METALS LIMITED"", ""issueType"": ""CS"", ""issueTypeName"": ""Common Stock"", ""issueTypeCode"": 1, ""isin"": ""AU0000188021"", ""xidEntity"": 204150649, ""sector"": ""Materials"", ""industryGroup"": ""Materials"", ""industry"": ""Metals & Mining"", ""subIndustry"": ""Diversified Metals & Mining""}]","[""G6M"", """"]"
G6M,204150649,2924-02943341-2A1594521,2025-05-05T05:54:22.000Z,Becoming a substantial holder - Pure Asset Management,648KB,false,G6M,,"[""Becoming a substantial holder""]","[{""symbolDisplay"": ""G6M""}]","[{""symbol"": ""G6M"", ""xid"": ""142754"", ""ASXSecurityType"": 1, ""displayName"": ""GROUP 6 METALS LIMITED"", ""issueType"": ""CS"", ""issueTypeName"": ""Common Stock"", ""issueTypeCode"": 1, ""isin"": ""AU0000188021"", ""xidEntity"": 204150649, ""sector"": ""Materials"", ""industryGroup"": ""Materials"", ""industry"": ""Metals & Mining"", ""subIndustry"": ""Diversified Metals & Mining""}]","[""G6M"", """"]"
G6M,204150649,2924-02943051-2A1594279,2025-05-04T22:57:05.000Z,Change in substantial holding - Ellis,565KB,false,G6M,,"[""Change in substantial holding""]","[{""symbolDisplay"": ""G6M""}]","[{""symbol"": ""G6M"", ""xid"": ""142754"", ""ASXSecurityType"": 1, ""displayName"": ""GROUP 6 METALS LIMITED"", ""issueType"": ""CS"", ""issueTypeName"": ""Common Stock"", ""issueTypeCode"": 1, ""isin"": ""AU0000188021"", ""xidEntity"": 204150649, ""sector"": ""Materials"", ""industryGroup"": ""Materials"", ""industry"": ""Metals & Mining"", ""subIndustry"": ""Diversified Metals & Mining""}]","[""G6M"", """"]"
G6M,204150649,2924-02943050-2A1594277,2025-05-04T22:56:55.000Z,Change in substantial holding - Elphinstone,102KB,false,G6M,,"[""Change in substantial holding""]","[{""symbolDisplay"": ""G6M""}]","[{""symbol"": ""G6M"", ""xid"": ""142754"", ""ASXSecurityType"": 1, ""displayName"": ""GROUP 6 METALS LIMITED"", ""issueType"": ""CS"", ""issueTypeName"": ""Common Stock"", ""issueTypeCode"": 1, ""isin"": ""AU0000188021"", ""xidEntity"": 204150649, ""sector"": ""Materials"", ""industryGroup"": ""Materials"", ""industry"": ""Metals & Mining"", ""subIndustry"": ""Diversified Metals & Mining""}]","[""G6M"", """"]"
G6M,204150649,2924-02943048-2A1594276,2025-05-04T22:56:40.000Z,Change of Director's Interest Notice x3,527KB,false,G6M,,"[""Change of Director's Interest Notice""]","[{""symbolDisplay"": ""G6M""}]","[{""symbol"": ""G6M"", ""xid"": ""142754"", ""ASXSecurityType"": 1, ""displayName"": ""GROUP 6 METALS LIMITED"", ""issueType"": ""CS"", ""issueTypeName"": ""Common Stock"", ""issueTypeCode"": 1, ""isin"": ""AU0000188021"", ""xidEntity"": 204150649, ""sector"": ""Materials"", ""industryGroup"": ""Materials"", ""industry"": ""Metals & Mining"", ""subIndustry"": ""Diversified Metals & Mining""}]","[""G6M"", """"]"
G6M,204150649,2924-02943046-2A1594274,2025-05-04T22:56:15.000Z,Notification regarding unquoted securities - G6M,27KB,false,G6M,,"[""Appendix 3G""]","[{""symbolDisplay"": ""G6M""}]","[{""symbol"": ""G6M"", ""xid"": ""142754"", ""ASXSecurityType"": 1, ""displayName"": ""GROUP 6 METALS LIMITED"", ""issueType"": ""CS"", ""issueTypeName"": ""Common Stock"", ""issueTypeCode"": 1, ""isin"": ""AU0000188021"", ""xidEntity"": 204150649, ""sector"": ""Materials"", ""industryGroup"": ""Materials"", ""industry"": ""Metals & Mining"", ""subIndustry"": ""Diversified Metals & Mining""}]","[""G6M"", """"]"
G6M,204150649,2924-02942873-2A1594272,2025-05-02T07:55:48.000Z,Application for quotation of securities - G6M,22KB,false,G6M,,"[""Appendix 2A""]","[{""symbolDisplay"": ""G6M""}]","[{""symbol"": ""G6M"", ""xid"": ""142754"", ""ASXSecurityType"": 1, ""displayName"": ""GROUP 6 METALS LIMITED"", ""issueType"": ""CS"", ""issueTypeName"": ""Common Stock"", ""issueTypeCode"": 1, ""isin"": ""AU0000188021"", ""xidEntity"": 204150649, ""sector"": ""Materials"", ""industryGroup"": ""Materials"", ""industry"": ""Metals & Mining"", ""subIndustry"": ""Diversified Metals & Mining""}]","[""G6M"", """"]"
G6M,204150649,2924-02941587-2A1593646,2025-04-30T04:53:44.000Z,Quarterly Activities/Appendix 5B Cash Flow Report,342KB,true,G6M,,"[""Third Quarter Activities Report"", ""Third Quarter Cash Flow Report""]","[{""symbolDisplay"": ""G6M""}]","[{""symbol"": ""G6M"", ""xid"": ""142754"", ""ASXSecurityType"": 1, ""displayName"": ""GROUP 6 METALS LIMITED"", ""issueType"": ""CS"", ""issueTypeName"": ""Common Stock"", ""issueTypeCode"": 1, ""isin"": ""AU0000188021"", ""xidEntity"": 204150649, ""sector"": ""Materials"", ""industryGroup"": ""Materials"", ""industry"": ""Metals & Mining"", ""subIndustry"": ""Diversified Metals & Mining""}]","[""G6M"", """"]"
G6M,204150649,2924-02938738-2A1592514,2025-04-23T05:14:23.000Z,Results of Meeting,396KB,false,G6M,,"[""Results of Meeting""]","[{""symbolDisplay"": ""G6M""}]","[{""symbol"": ""G6M"", ""xid"": ""142754"", ""ASXSecurityType"": 1, ""displayName"": ""GROUP 6 METALS LIMITED"", ""issueType"": ""CS"", ""issueTypeName"": ""Common Stock"", ""issueTypeCode"": 1, ""isin"": ""AU0000188021"", ""xidEntity"": 204150649, ""sector"": ""Materials"", ""industryGroup"": ""Materials"", ""industry"": ""Metals & Mining"", ""subIndustry"": ""Diversified Metals & Mining""}]","[""G6M"", """"]"
G6M,204150649,2924-02934708-2A1590471,2025-04-09T06:46:14.000Z,Notification of cessation of securities - G6M,13KB,false,G6M,,"[""Appendix 3H (Notification of cessation of securities)""]","[{""symbolDisplay"": ""G6M""}]","[{""symbol"": ""G6M"", ""xid"": ""142754"", ""ASXSecurityType"": 1, ""displayName"": ""GROUP 6 METALS LIMITED"", ""issueType"": ""CS"", ""issueTypeName"": ""Common Stock"", ""issueTypeCode"": 1, ""isin"": ""AU0000188021"", ""xidEntity"": 204150649, ""sector"": ""Materials"", ""industryGroup"": ""Materials"", ""industry"": ""Metals & Mining"", ""subIndustry"": ""Diversified Metals & Mining""}]","[""G6M"", """"]"
G6M,204150649,2924-02934703-2A1590467,2025-04-09T06:40:39.000Z,Application for quotation of securities - G6M,16KB,false,G6M,,"[""Appendix 2A""]","[{""symbolDisplay"": ""G6M""}]","[{""symbol"": ""G6M"", ""xid"": ""142754"", ""ASXSecurityType"": 1, ""displayName"": ""GROUP 6 METALS LIMITED"", ""issueType"": ""CS"", ""issueTypeName"": ""Common Stock"", ""issueTypeCode"": 1, ""isin"": ""AU0000188021"", ""xidEntity"": 204150649, ""sector"": ""Materials"", ""industryGroup"": ""Materials"", ""industry"": ""Metals & Mining"", ""subIndustry"": ""Diversified Metals & Mining""}]","[""G6M"", """"]"
G6M,204150649,2924-02934687-2A1590411,2025-04-09T06:18:44.000Z,Long Term Suspended Entities,204KB,true,AYI,,"[""Other""]","[{""symbolDisplay"": ""AYI""}, {""symbolDisplay"": ""TI1""}, {""symbolDisplay"": ""AKP""}, {""symbolDisplay"": ""AML""}, {""symbolDisplay"": ""HXL""}, {""symbolDisplay"": ""GO2""}, {""symbolDisplay"": ""GTH""}, {""symbolDisplay"": ""ETR""}, {""symbolDisplay"": ""AN1""}, {""symbolDisplay"": ""HPP""}, {""symbolDisplay"": ""LEL""}, {""symbolDisplay"": ""SCT""}, {""symbolDisplay"": ""BCT""}, {""symbolDisplay"": ""CBH""}, {""symbolDisplay"": ""KLL""}, {""symbolDisplay"": ""MBX""}, {""symbolDisplay"": ""CMX""}, {""symbolDisplay"": ""ICN""}, {""symbolDisplay"": ""SRT""}, {""symbolDisplay"": ""MI6""}, {""symbolDisplay"": ""RIL""}, {""symbolDisplay"": ""NNG""}, {""symbolDisplay"": ""KBC""}, {""symbolDisplay"": ""OPN""}, {""symbolDisplay"": ""WKT""}, {""symbolDisplay"": ""JRV""}, {""symbolDisplay"": ""KOR""}, {""symbolDisplay"": ""NZS""}, {""symbolDisplay"": ""LPD""}, {""symbolDisplay"": ""MRI""}, {""symbolDisplay"": ""OXT""}, {""symbolDisplay"": ""FCG""}, {""symbolDisplay"": ""G6M""}, {""symbolDisplay"": ""GDC""}, {""symbolDisplay"": ""LKO""}, {""symbolDisplay"": ""PNM""}, {""symbolDisplay"": ""OZZ""}, {""symbolDisplay"": ""LHM""}, {""symbolDisplay"": ""MRC""}, {""symbolDisplay"": ""STA""}, {""symbolDisplay"": ""GTG""}, {""symbolDisplay"": ""NWF""}, {""symbolDisplay"": ""LLL""}, {""symbolDisplay"": ""NET""}, {""symbolDisplay"": ""MOZ""}, {""symbolDisplay"": ""CXM""}, {""symbolDisplay"": ""DMM""}, {""symbolDisplay"": ""TSI""}, {""symbolDisplay"": ""BFC""}, {""symbolDisplay"": ""EPN""}, {""symbolDisplay"": ""XTC""}, {""symbolDisplay"": ""WFL""}, {""symbolDisplay"": ""PET""}, {""symbolDisplay"": ""CL8""}, {""symbolDisplay"": ""AO1""}, {""symbolDisplay"": ""RFX""}, {""symbolDisplay"": ""REX""}, {""symbolDisplay"": ""CLZ""}, {""symbolDisplay"": ""SIV""}, {""symbolDisplay"": ""PGY""}, {""symbolDisplay"": ""TTA""}, {""symbolDisplay"": ""LAW""}, {""symbolDisplay"": ""IVG""}, {""symbolDisplay"": ""ENN""}, {""symbolDisplay"": ""MNS""}, {""symbolDisplay"": ""VMG""}, {""symbolDisplay"": ""XST""}, {""symbolDisplay"": ""KNM""}, {""symbolDisplay"": ""GGX""}, {""symbolDisplay"": ""GCR""}, {""symbolDisplay"": ""FSG""}, {""symbolDisplay"": ""RNE""}, {""symbolDisplay"": ""AOH""}, {""symbolDisplay"": ""RXH""}, {""symbolDisplay"": ""BOD""}, {""symbolDisplay"": ""AHI""}, {""symbolDisplay"": ""SRY""}, {""symbolDisplay"": ""CI1""}, {""symbolDisplay"": ""AR1""}]",[],"[""AYI"", ""TI1"", ""AKP"", ""AML"", ""HXL"", ""GO2"", ""GTH"", ""ETR"", ""AN1"", ""HPP"", ""LEL"", ""SCT"", ""BCT"", ""CBH"", ""KLL"", ""MBX"", ""CMX"", ""ICN"", ""SRT"", ""MI6"", ""RIL"", ""NNG"", ""KBC"", ""OPN"", ""WKT"", ""JRV"", ""KOR"", ""NZS"", ""LPD"", ""MRI"", ""OXT"", ""FCG"", ""G6M"", ""GDC"", ""LKO"", ""PNM"", ""OZZ"", ""LHM"", ""MRC"", ""STA"", ""GTG"", ""NWF"", ""LLL"", ""NET"", ""MOZ"", ""CXM"", ""DMM"", ""TSI"", ""BFC"", ""EPN"", ""XTC"", ""WFL"", ""PET"", ""CL8"", ""AO1"", ""RFX"", ""REX"", ""CLZ"", ""SIV"", ""PGY"", ""TTA"", ""LAW"", ""IVG"", ""ENN"", ""MNS"", ""VMG"", ""XST"", ""KNM"", ""GGX"", ""GCR"", ""FSG"", ""RNE"", ""AOH"", ""RXH"", ""BOD"", ""AHI"", ""SRY"", ""CI1"", ""AR1"", """"]"
G6M,204150649,2924-02927557-2A1586209,2025-03-21T04:53:12.000Z,Notice of General Meeting/Proxy Form,7336KB,false,G6M,,"[""Web Cast"", ""Proxy Form"", ""Notice of General Meeting""]","[{""symbolDisplay"": ""G6M""}]","[{""symbol"": ""G6M"", ""xid"": ""142754"", ""ASXSecurityType"": 1, ""displayName"": ""GROUP 6 METALS LIMITED"", ""issueType"": ""CS"", ""issueTypeName"": ""Common Stock"", ""issueTypeCode"": 1, ""isin"": ""AU0000188021"", ""xidEntity"": 204150649, ""sector"": ""Materials"", ""industryGroup"": ""Materials"", ""industry"": ""Metals & Mining"", ""subIndustry"": ""Diversified Metals & Mining""}]","[""G6M"", """"]"
G6M,204150649,2924-02912305-2A1578005,2025-02-12T09:11:01.000Z,Change of Director's Interest Notice (x2) - Late Lodgement,331KB,false,G6M,,"[""Change of Director's Interest Notice""]","[{""symbolDisplay"": ""G6M""}]","[{""symbol"": ""G6M"", ""xid"": ""142754"", ""ASXSecurityType"": 1, ""displayName"": ""GROUP 6 METALS LIMITED"", ""issueType"": ""CS"", ""issueTypeName"": ""Common Stock"", ""issueTypeCode"": 1, ""isin"": ""AU0000188021"", ""xidEntity"": 204150649, ""sector"": ""Materials"", ""industryGroup"": ""Materials"", ""industry"": ""Metals & Mining"", ""subIndustry"": ""Diversified Metals & Mining""}]","[""G6M"", """"]"
G6M,204150649,2924-02912304-2A1578004,2025-02-12T09:07:41.000Z,Notification of cessation of securities - G6M,12KB,false,G6M,,"[""Appendix 3H (Notification of cessation of securities)""]","[{""symbolDisplay"": ""G6M""}]","[{""symbol"": ""G6M"", ""xid"": ""142754"", ""ASXSecurityType"": 1, ""displayName"": ""GROUP 6 METALS LIMITED"", ""issueType"": ""CS"", ""issueTypeName"": ""Common Stock"", ""issueTypeCode"": 1, ""isin"": ""AU0000188021"", ""xidEntity"": 204150649, ""sector"": ""Materials"", ""industryGroup"": ""Materials"", ""industry"": ""Metals & Mining"", ""subIndustry"": ""Diversified Metals & Mining""}]","[""G6M"", """"]"
G6M,204150649,2924-02908023-2A1575704,2025-01-31T00:10:49.000Z,Quarterly Activities/Appendix 5B Cash Flow Report,504KB,true,G6M,,"[""Second Quarter Activities Report"", ""Second Quarter Cash Flow Report""]","[{""symbolDisplay"": ""G6M""}]","[{""symbol"": ""G6M"", ""xid"": ""142754"", ""ASXSecurityType"": 1, ""displayName"": ""GROUP 6 METALS LIMITED"", ""issueType"": ""CS"", ""issueTypeName"": ""Common Stock"", ""issueTypeCode"": 1, ""isin"": ""AU0000188021"", ""xidEntity"": 204150649, ""sector"": ""Materials"", ""industryGroup"": ""Materials"", ""industry"": ""Metals & Mining"", ""subIndustry"": ""Diversified Metals & Mining""}]","[""G6M"", """"]"
G6M,204150649,2924-02905156-2A1574455,2025-01-22T05:20:01.000Z,Long Term Suspended Entities,201KB,true,AYI,,"[""Other""]","[{""symbolDisplay"": ""AYI""}, {""symbolDisplay"": ""TI1""}, {""symbolDisplay"": ""AKP""}, {""symbolDisplay"": ""AML""}, {""symbolDisplay"": ""GO2""}, {""symbolDisplay"": ""GTH""}, {""symbolDisplay"": ""KDY""}, {""symbolDisplay"": ""ETR""}, {""symbolDisplay"": ""AN1""}, {""symbolDisplay"": ""HPP""}, {""symbolDisplay"": ""SCT""}, {""symbolDisplay"": ""BCT""}, {""symbolDisplay"": ""CBH""}, {""symbolDisplay"": ""KLL""}, {""symbolDisplay"": ""MBX""}, {""symbolDisplay"": ""ICN""}, {""symbolDisplay"": ""SRT""}, {""symbolDisplay"": ""NNG""}, {""symbolDisplay"": ""KBC""}, {""symbolDisplay"": ""OPN""}, {""symbolDisplay"": ""KOR""}, {""symbolDisplay"": ""NZS""}, {""symbolDisplay"": ""MRI""}, {""symbolDisplay"": ""OXT""}, {""symbolDisplay"": ""G6M""}, {""symbolDisplay"": ""LKO""}, {""symbolDisplay"": ""PNM""}, {""symbolDisplay"": ""OZZ""}, {""symbolDisplay"": ""PFT""}, {""symbolDisplay"": ""LHM""}, {""symbolDisplay"": ""MRC""}, {""symbolDisplay"": ""X64""}, {""symbolDisplay"": ""STA""}, {""symbolDisplay"": ""EQE""}, {""symbolDisplay"": ""GTG""}, {""symbolDisplay"": ""NWF""}, {""symbolDisplay"": ""LLL""}, {""symbolDisplay"": ""M8S""}, {""symbolDisplay"": ""NET""}, {""symbolDisplay"": ""MOZ""}, {""symbolDisplay"": ""NCR""}, {""symbolDisplay"": ""G1A""}, {""symbolDisplay"": ""DMM""}, {""symbolDisplay"": ""TSI""}, {""symbolDisplay"": ""BFC""}, {""symbolDisplay"": ""MDC""}, {""symbolDisplay"": ""EPN""}, {""symbolDisplay"": ""XTC""}, {""symbolDisplay"": ""WFL""}, {""symbolDisplay"": ""PET""}, {""symbolDisplay"": ""CL8""}, {""symbolDisplay"": ""AO1""}, {""symbolDisplay"": ""RFX""}, {""symbolDisplay"": ""REX""}, {""symbolDisplay"": ""CLZ""}, {""symbolDisplay"": ""KTG""}, {""symbolDisplay"": ""TTA""}, {""symbolDisplay"": ""LAW""}, {""symbolDisplay"": ""SMG""}, {""symbolDisplay"": ""IVG""}, {""symbolDisplay"": ""ENN""}, {""symbolDisplay"": ""VIP""}, {""symbolDisplay"": ""MNS""}, {""symbolDisplay"": ""VMG""}, {""symbolDisplay"": ""NUH""}, {""symbolDisplay"": ""PO3""}, {""symbolDisplay"": ""XST""}, {""symbolDisplay"": ""ATU""}, {""symbolDisplay"": ""KNM""}, {""symbolDisplay"": ""GGX""}, {""symbolDisplay"": ""DCL""}, {""symbolDisplay"": ""RXH""}, {""symbolDisplay"": ""BOD""}, {""symbolDisplay"": ""OM1""}, {""symbolDisplay"": ""AHI""}, {""symbolDisplay"": ""SRY""}, {""symbolDisplay"": ""CI1""}, {""symbolDisplay"": ""PRL""}, {""symbolDisplay"": ""AR1""}]",[],"[""AYI"", ""TI1"", ""AKP"", ""AML"", ""GO2"", ""GTH"", ""KDY"", ""ETR"", ""AN1"", ""HPP"", ""SCT"", ""BCT"", ""CBH"", ""KLL"", ""MBX"", ""ICN"", ""SRT"", ""NNG"", ""KBC"", ""OPN"", ""KOR"", ""NZS"", ""MRI"", ""OXT"", ""G6M"", ""LKO"", ""PNM"", ""OZZ"", ""PFT"", ""LHM"", ""MRC"", ""X64"", ""STA"", ""EQE"", ""GTG"", ""NWF"", ""LLL"", ""M8S"", ""NET"", ""MOZ"", ""NCR"", ""G1A"", ""DMM"", ""TSI"", ""BFC"", ""MDC"", ""EPN"", ""XTC"", ""WFL"", ""PET"", ""CL8"", ""AO1"", ""RFX"", ""REX"", ""CLZ"", ""KTG"", ""TTA"", ""LAW"", ""SMG"", ""IVG"", ""ENN"", ""VIP"", ""MNS"", ""VMG"", ""NUH"", ""PO3"", ""XST"", ""ATU"", ""KNM"", ""GGX"", ""DCL"", ""RXH"", ""BOD"", ""OM1"", ""AHI"", ""SRY"", ""CI1"", ""PRL"", ""AR1"", """"]"
G6M,204150649,2924-02896982-2A1569568,2024-12-19T02:23:19.000Z,Notification of cessation of securities - G6M,14KB,false,G6M,,"[""Appendix 3H (Notification of cessation of securities)""]","[{""symbolDisplay"": ""G6M""}]","[{""symbol"": ""G6M"", ""xid"": ""142754"", ""ASXSecurityType"": 1, ""displayName"": ""GROUP 6 METALS LIMITED"", ""issueType"": ""CS"", ""issueTypeName"": ""Common Stock"", ""issueTypeCode"": 1, ""isin"": ""AU0000188021"", ""xidEntity"": 204150649, ""sector"": ""Materials"", ""industryGroup"": ""Materials"", ""industry"": ""Metals & Mining"", ""subIndustry"": ""Diversified Metals & Mining""}]","[""G6M"", """"]"
G6M,204150649,2924-02896972-2A1569560,2024-12-19T01:51:29.000Z,Company Secretary Appointment/Resignation,156KB,false,G6M,,"[""Company Secretary Appointment/Resignation""]","[{""symbolDisplay"": ""G6M""}]","[{""symbol"": ""G6M"", ""xid"": ""142754"", ""ASXSecurityType"": 1, ""displayName"": ""GROUP 6 METALS LIMITED"", ""issueType"": ""CS"", ""issueTypeName"": ""Common Stock"", ""issueTypeCode"": 1, ""isin"": ""AU0000188021"", ""xidEntity"": 204150649, ""sector"": ""Materials"", ""industryGroup"": ""Materials"", ""industry"": ""Metals & Mining"", ""subIndustry"": ""Diversified Metals & Mining""}]","[""G6M"", """"]"
G6M,204150649,2924-02890299-2A1566234,2024-12-04T01:06:53.000Z,Notification of cessation of securities - G6M,14KB,false,G6M,,"[""Appendix 3H (Notification of cessation of securities)""]","[{""symbolDisplay"": ""G6M""}]","[{""symbol"": ""G6M"", ""xid"": ""142754"", ""ASXSecurityType"": 1, ""displayName"": ""GROUP 6 METALS LIMITED"", ""issueType"": ""CS"", ""issueTypeName"": ""Common Stock"", ""issueTypeCode"": 1, ""isin"": ""AU0000188021"", ""xidEntity"": 204150649, ""sector"": ""Materials"", ""industryGroup"": ""Materials"", ""industry"": ""Metals & Mining"", ""subIndustry"": ""Diversified Metals & Mining""}]","[""G6M"", """"]"
G6M,204150649,2924-02890273-2A1566214,2024-12-03T23:56:03.000Z,Final Director's Interest Notice- A Caruso,246KB,false,G6M,,"[""Final Director's Interest Notice""]","[{""symbolDisplay"": ""G6M""}]","[{""symbol"": ""G6M"", ""xid"": ""142754"", ""ASXSecurityType"": 1, ""displayName"": ""GROUP 6 METALS LIMITED"", ""issueType"": ""CS"", ""issueTypeName"": ""Common Stock"", ""issueTypeCode"": 1, ""isin"": ""AU0000188021"", ""xidEntity"": 204150649, ""sector"": ""Materials"", ""industryGroup"": ""Materials"", ""industry"": ""Metals & Mining"", ""subIndustry"": ""Diversified Metals & Mining""}]","[""G6M"", """"]"
G6M,204150649,2924-02890272-2A1566211,2024-12-03T23:55:43.000Z,Final Director's Interest Notice- K McKnight,258KB,false,G6M,,"[""Final Director's Interest Notice""]","[{""symbolDisplay"": ""G6M""}]","[{""symbol"": ""G6M"", ""xid"": ""142754"", ""ASXSecurityType"": 1, ""displayName"": ""GROUP 6 METALS LIMITED"", ""issueType"": ""CS"", ""issueTypeName"": ""Common Stock"", ""issueTypeCode"": 1, ""isin"": ""AU0000188021"", ""xidEntity"": 204150649, ""sector"": ""Materials"", ""industryGroup"": ""Materials"", ""industry"": ""Metals & Mining"", ""subIndustry"": ""Diversified Metals & Mining""}]","[""G6M"", """"]"
G6M,204150649,2924-02890271-2A1566210,2024-12-03T23:55:23.000Z,Final Director's Interest Notice- G Hancock,258KB,false,G6M,,"[""Final Director's Interest Notice""]","[{""symbolDisplay"": ""G6M""}]","[{""symbol"": ""G6M"", ""xid"": ""142754"", ""ASXSecurityType"": 1, ""displayName"": ""GROUP 6 METALS LIMITED"", ""issueType"": ""CS"", ""issueTypeName"": ""Common Stock"", ""issueTypeCode"": 1, ""isin"": ""AU0000188021"", ""xidEntity"": 204150649, ""sector"": ""Materials"", ""industryGroup"": ""Materials"", ""industry"": ""Metals & Mining"", ""subIndustry"": ""Diversified Metals & Mining""}]","[""G6M"", """"]"
G6M,204150649,2924-02890270-2A1566209,2024-12-03T23:55:03.000Z,Final Director's Interest Notice- J Jacobs,260KB,false,G6M,,"[""Final Director's Interest Notice""]","[{""symbolDisplay"": ""G6M""}]","[{""symbol"": ""G6M"", ""xid"": ""142754"", ""ASXSecurityType"": 1, ""displayName"": ""GROUP 6 METALS LIMITED"", ""issueType"": ""CS"", ""issueTypeName"": ""Common Stock"", ""issueTypeCode"": 1, ""isin"": ""AU0000188021"", ""xidEntity"": 204150649, ""sector"": ""Materials"", ""industryGroup"": ""Materials"", ""industry"": ""Metals & Mining"", ""subIndustry"": ""Diversified Metals & Mining""}]","[""G6M"", """"]"
G6M,204150649,2924-02890263-2A1566208,2024-12-03T23:42:23.000Z,Initial Director's Interest Notice- D Elphinstone,247KB,false,G6M,,"[""Initial Director's Interest Notice""]","[{""symbolDisplay"": ""G6M""}]","[{""symbol"": ""G6M"", ""xid"": ""142754"", ""ASXSecurityType"": 1, ""displayName"": ""GROUP 6 METALS LIMITED"", ""issueType"": ""CS"", ""issueTypeName"": ""Common Stock"", ""issueTypeCode"": 1, ""isin"": ""AU0000188021"", ""xidEntity"": 204150649, ""sector"": ""Materials"", ""industryGroup"": ""Materials"", ""industry"": ""Metals & Mining"", ""subIndustry"": ""Diversified Metals & Mining""}]","[""G6M"", """"]"
G6M,204150649,2924-02890262-2A1566206,2024-12-03T23:42:03.000Z,Initial Director's Interest Notice- K Pallas,201KB,false,G6M,,"[""Initial Director's Interest Notice""]","[{""symbolDisplay"": ""G6M""}]","[{""symbol"": ""G6M"", ""xid"": ""142754"", ""ASXSecurityType"": 1, ""displayName"": ""GROUP 6 METALS LIMITED"", ""issueType"": ""CS"", ""issueTypeName"": ""Common Stock"", ""issueTypeCode"": 1, ""isin"": ""AU0000188021"", ""xidEntity"": 204150649, ""sector"": ""Materials"", ""industryGroup"": ""Materials"", ""industry"": ""Metals & Mining"", ""subIndustry"": ""Diversified Metals & Mining""}]","[""G6M"", """"]"
G6M,204150649,2924-02890257-2A1566198,2024-12-03T23:30:18.000Z,Proposed issue of securities - G6M,21KB,false,G6M,,"[""Appendix 3B (Proposed issue of securities)""]","[{""symbolDisplay"": ""G6M""}]","[{""symbol"": ""G6M"", ""xid"": ""142754"", ""ASXSecurityType"": 1, ""displayName"": ""GROUP 6 METALS LIMITED"", ""issueType"": ""CS"", ""issueTypeName"": ""Common Stock"", ""issueTypeCode"": 1, ""isin"": ""AU0000188021"", ""xidEntity"": 204150649, ""sector"": ""Materials"", ""industryGroup"": ""Materials"", ""industry"": ""Metals & Mining"", ""subIndustry"": ""Diversified Metals & Mining""}]","[""G6M"", """"]"
G6M,204150649,2924-02890210-2A1566180,2024-12-03T22:52:13.000Z,Group 6 Metals Enters Transformation Phase,423KB,true,G6M,,"[""Progress Report"", ""Company Administration - Other""]","[{""symbolDisplay"": ""G6M""}]","[{""symbol"": ""G6M"", ""xid"": ""142754"", ""ASXSecurityType"": 1, ""displayName"": ""GROUP 6 METALS LIMITED"", ""issueType"": ""CS"", ""issueTypeName"": ""Common Stock"", ""issueTypeCode"": 1, ""isin"": ""AU0000188021"", ""xidEntity"": 204150649, ""sector"": ""Materials"", ""industryGroup"": ""Materials"", ""industry"": ""Metals & Mining"", ""subIndustry"": ""Diversified Metals & Mining""}]","[""G6M"", """"]"
G6M,204150649,2924-02890089-2A1566097,2024-12-03T21:46:07.000Z,G6M Reaches Agreement On Recapitalisation Plan,221KB,true,G6M,,"[""Progress Report"", ""Company Administration - Other""]","[{""symbolDisplay"": ""G6M""}]","[{""symbol"": ""G6M"", ""xid"": ""142754"", ""ASXSecurityType"": 1, ""displayName"": ""GROUP 6 METALS LIMITED"", ""issueType"": ""CS"", ""issueTypeName"": ""Common Stock"", ""issueTypeCode"": 1, ""isin"": ""AU0000188021"", ""xidEntity"": 204150649, ""sector"": ""Materials"", ""industryGroup"": ""Materials"", ""industry"": ""Metals & Mining"", ""subIndustry"": ""Diversified Metals & Mining""}]","[""G6M"", """"]"
G6M,204150649,2924-02888277-2A1565374,2024-11-29T03:10:40.000Z,Results of Meeting,403KB,false,G6M,,"[""Results of Meeting""]","[{""symbolDisplay"": ""G6M""}]","[{""symbol"": ""G6M"", ""xid"": ""142754"", ""ASXSecurityType"": 1, ""displayName"": ""GROUP 6 METALS LIMITED"", ""issueType"": ""CS"", ""issueTypeName"": ""Common Stock"", ""issueTypeCode"": 1, ""isin"": ""AU0000188021"", ""xidEntity"": 204150649, ""sector"": ""Materials"", ""industryGroup"": ""Materials"", ""industry"": ""Metals & Mining"", ""subIndustry"": ""Diversified Metals & Mining""}]","[""G6M"", """"]"
G6M,204150649,2924-02875684-2A1559364,2024-10-31T08:23:13.000Z,Notice of Annual General Meeting/Proxy Form,463KB,false,G6M,,"[""Notice of Annual General Meeting"", ""Proxy Form""]","[{""symbolDisplay"": ""G6M""}]","[{""symbol"": ""G6M"", ""xid"": ""142754"", ""ASXSecurityType"": 1, ""displayName"": ""GROUP 6 METALS LIMITED"", ""issueType"": ""CS"", ""issueTypeName"": ""Common Stock"", ""issueTypeCode"": 1, ""isin"": ""AU0000188021"", ""xidEntity"": 204150649, ""sector"": ""Materials"", ""industryGroup"": ""Materials"", ""industry"": ""Metals & Mining"", ""subIndustry"": ""Diversified Metals & Mining""}]","[""G6M"", """"]"
G6M,204150649,2924-02875681-2A1559362,2024-10-31T08:20:43.000Z,Quarterly Activities/Appendix 5B Cash Flow Report,1876KB,true,G6M,,"[""First Quarter Activities Report"", ""First Quarter Cash Flow Report""]","[{""symbolDisplay"": ""G6M""}]","[{""symbol"": ""G6M"", ""xid"": ""142754"", ""ASXSecurityType"": 1, ""displayName"": ""GROUP 6 METALS LIMITED"", ""issueType"": ""CS"", ""issueTypeName"": ""Common Stock"", ""issueTypeCode"": 1, ""isin"": ""AU0000188021"", ""xidEntity"": 204150649, ""sector"": ""Materials"", ""industryGroup"": ""Materials"", ""industry"": ""Metals & Mining"", ""subIndustry"": ""Diversified Metals & Mining""}]","[""G6M"", """"]"
G6M,204150649,2924-02867358-2A1556097,2024-10-16T05:18:45.000Z,Change of Director's Interest Notice- G Hancock,262KB,false,G6M,,"[""Change of Director's Interest Notice""]","[{""symbolDisplay"": ""G6M""}]","[{""symbol"": ""G6M"", ""xid"": ""142754"", ""ASXSecurityType"": 1, ""displayName"": ""GROUP 6 METALS LIMITED"", ""issueType"": ""CS"", ""issueTypeName"": ""Common Stock"", ""issueTypeCode"": 1, ""isin"": ""AU0000188021"", ""xidEntity"": 204150649, ""sector"": ""Materials"", ""industryGroup"": ""Materials"", ""industry"": ""Metals & Mining"", ""subIndustry"": ""Diversified Metals & Mining""}]","[""G6M"", """"]"
G6M,204150649,2924-02867353-2A1556095,2024-10-16T05:07:40.000Z,Notification of cessation of securities - G6M,14KB,false,G6M,,"[""Appendix 3H (Notification of cessation of securities)""]","[{""symbolDisplay"": ""G6M""}]","[{""symbol"": ""G6M"", ""xid"": ""142754"", ""ASXSecurityType"": 1, ""displayName"": ""GROUP 6 METALS LIMITED"", ""issueType"": ""CS"", ""issueTypeName"": ""Common Stock"", ""issueTypeCode"": 1, ""isin"": ""AU0000188021"", ""xidEntity"": 204150649, ""sector"": ""Materials"", ""industryGroup"": ""Materials"", ""industry"": ""Metals & Mining"", ""subIndustry"": ""Diversified Metals & Mining""}]","[""G6M"", """"]"
G6M,204150649,2924-02860754-2A1552435,2024-10-01T00:37:36.000Z,Continuation of Suspension,412KB,false,G6M,,"[""Suspension - Extension""]","[{""symbolDisplay"": ""G6M""}]","[{""symbol"": ""G6M"", ""xid"": ""142754"", ""ASXSecurityType"": 1, ""displayName"": ""GROUP 6 METALS LIMITED"", ""issueType"": ""CS"", ""issueTypeName"": ""Common Stock"", ""issueTypeCode"": 1, ""isin"": ""AU0000188021"", ""xidEntity"": 204150649, ""sector"": ""Materials"", ""industryGroup"": ""Materials"", ""industry"": ""Metals & Mining"", ""subIndustry"": ""Diversified Metals & Mining""}]","[""G6M"", """"]"
G6M,204150649,2924-02858530-2A1551337,2024-09-27T00:46:26.000Z,Suspension from Quotation,346KB,true,G6M,,"[""Suspension from Official Quotation""]","[{""symbolDisplay"": ""G6M""}]","[{""symbol"": ""G6M"", ""xid"": ""142754"", ""ASXSecurityType"": 1, ""displayName"": ""GROUP 6 METALS LIMITED"", ""issueType"": ""CS"", ""issueTypeName"": ""Common Stock"", ""issueTypeCode"": 1, ""isin"": ""AU0000188021"", ""xidEntity"": 204150649, ""sector"": ""Materials"", ""industryGroup"": ""Materials"", ""industry"": ""Metals & Mining"", ""subIndustry"": ""Diversified Metals & Mining""}]","[""G6M"", """"]"
G6M,204150649,2924-02858488-2A1551327,2024-09-26T23:51:00.000Z,Pause in trading,114KB,true,G6M,,"[""Notice Pending""]","[{""symbolDisplay"": ""G6M""}]","[{""symbol"": ""G6M"", ""xid"": ""142754"", ""ASXSecurityType"": 1, ""displayName"": ""GROUP 6 METALS LIMITED"", ""issueType"": ""CS"", ""issueTypeName"": ""Common Stock"", ""issueTypeCode"": 1, ""isin"": ""AU0000188021"", ""xidEntity"": 204150649, ""sector"": ""Materials"", ""industryGroup"": ""Materials"", ""industry"": ""Metals & Mining"", ""subIndustry"": ""Diversified Metals & Mining""}]","[""G6M"", """"]"
G6M,204150649,2924-02849408-2A1546570,2024-09-05T07:10:02.000Z,Notification of cessation of securities - G6M,15KB,false,G6M,,"[""Appendix 3H (Notification of cessation of securities)""]","[{""symbolDisplay"": ""G6M""}]","[{""symbol"": ""G6M"", ""xid"": ""142754"", ""ASXSecurityType"": 1, ""displayName"": ""GROUP 6 METALS LIMITED"", ""issueType"": ""CS"", ""issueTypeName"": ""Common Stock"", ""issueTypeCode"": 1, ""isin"": ""AU0000188021"", ""xidEntity"": 204150649, ""sector"": ""Materials"", ""industryGroup"": ""Materials"", ""industry"": ""Metals & Mining"", ""subIndustry"": ""Diversified Metals & Mining""}]","[""G6M"", """"]"
G6M,204150649,2924-02847595-2A1545514,2024-09-02T03:44:07.000Z,Additional Capital Secured to Support Strategic Review,293KB,true,G6M,,"[""Company Administration - Other"", ""Debt Facility""]","[{""symbolDisplay"": ""G6M""}]","[{""symbol"": ""G6M"", ""xid"": ""142754"", ""ASXSecurityType"": 1, ""displayName"": ""GROUP 6 METALS LIMITED"", ""issueType"": ""CS"", ""issueTypeName"": ""Common Stock"", ""issueTypeCode"": 1, ""isin"": ""AU0000188021"", ""xidEntity"": 204150649, ""sector"": ""Materials"", ""industryGroup"": ""Materials"", ""industry"": ""Metals & Mining"", ""subIndustry"": ""Diversified Metals & Mining""}]","[""G6M"", """"]"
G6M,204150649,2924-02836676-2A1539968,2024-08-07T23:32:23.000Z,Ore Sorting Trial Demonstrate Significant Potential At DTM,254KB,false,G6M,,"[""Progress Report""]","[{""symbolDisplay"": ""G6M""}]","[{""symbol"": ""G6M"", ""xid"": ""142754"", ""ASXSecurityType"": 1, ""displayName"": ""GROUP 6 METALS LIMITED"", ""issueType"": ""CS"", ""issueTypeName"": ""Common Stock"", ""issueTypeCode"": 1, ""isin"": ""AU0000188021"", ""xidEntity"": 204150649, ""sector"": ""Materials"", ""industryGroup"": ""Materials"", ""industry"": ""Metals & Mining"", ""subIndustry"": ""Diversified Metals & Mining""}]","[""G6M"", """"]"
G6M,204150649,2924-02834109-2A1538423,2024-07-31T06:32:30.000Z,Quarterly Activities/Appendix 5B Cash Flow Report,2715KB,true,G6M,,"[""Fourth Quarter Activities Report"", ""Fourth Quarter Cash Flow Report""]","[{""symbolDisplay"": ""G6M""}]","[{""symbol"": ""G6M"", ""xid"": ""142754"", ""ASXSecurityType"": 1, ""displayName"": ""GROUP 6 METALS LIMITED"", ""issueType"": ""CS"", ""issueTypeName"": ""Common Stock"", ""issueTypeCode"": 1, ""isin"": ""AU0000188021"", ""xidEntity"": 204150649, ""sector"": ""Materials"", ""industryGroup"": ""Materials"", ""industry"": ""Metals & Mining"", ""subIndustry"": ""Diversified Metals & Mining""}]","[""G6M"", """"]"
G6M,204150649,2924-02828844-2A1536209,2024-07-17T03:53:21.000Z,Noosa Mining Conference Presentation,3476KB,false,G6M,,"[""Company Presentation""]","[{""symbolDisplay"": ""G6M""}]","[{""symbol"": ""G6M"", ""xid"": ""142754"", ""ASXSecurityType"": 1, ""displayName"": ""GROUP 6 METALS LIMITED"", ""issueType"": ""CS"", ""issueTypeName"": ""Common Stock"", ""issueTypeCode"": 1, ""isin"": ""AU0000188021"", ""xidEntity"": 204150649, ""sector"": ""Materials"", ""industryGroup"": ""Materials"", ""industry"": ""Metals & Mining"", ""subIndustry"": ""Diversified Metals & Mining""}]","[""G6M"", """"]"
G6M,204150649,2924-02814370-2A1527132,2024-06-04T23:46:45.000Z,Dolphin Tungsten Mine Operational Activities Update,827KB,true,G6M,,"[""Progress Report""]","[{""symbolDisplay"": ""G6M""}]","[{""symbol"": ""G6M"", ""xid"": ""142754"", ""ASXSecurityType"": 1, ""displayName"": ""GROUP 6 METALS LIMITED"", ""issueType"": ""CS"", ""issueTypeName"": ""Common Stock"", ""issueTypeCode"": 1, ""isin"": ""AU0000188021"", ""xidEntity"": 204150649}]","[""G6M"", """"]"
G6M,204150649,2924-02801386-2A1520287,2024-04-30T04:14:53.000Z,Quarterly Activities/Appendix 5B Cash Flow Report,553KB,true,G6M,,"[""Third Quarter Activities Report"", ""Third Quarter Cash Flow Report""]","[{""symbolDisplay"": ""G6M""}]","[{""symbol"": ""G6M"", ""xid"": ""142754"", ""ASXSecurityType"": 1, ""displayName"": ""GROUP 6 METALS LIMITED"", ""issueType"": ""CS"", ""issueTypeName"": ""Common Stock"", ""issueTypeCode"": 1, ""isin"": ""AU0000188021"", ""xidEntity"": 204150649}]","[""G6M"", """"]"
G6M,204150649,2924-02800385-2A1519907,2024-04-29T05:27:52.000Z,Initial Director's Interest Notice- A Caruso,200KB,false,G6M,,"[""Initial Director's Interest Notice""]","[{""symbolDisplay"": ""G6M""}]","[{""symbol"": ""G6M"", ""xid"": ""142754"", ""ASXSecurityType"": 1, ""displayName"": ""GROUP 6 METALS LIMITED"", ""issueType"": ""CS"", ""issueTypeName"": ""Common Stock"", ""issueTypeCode"": 1, ""isin"": ""AU0000188021"", ""xidEntity"": 204150649}]","[""G6M"", """"]"
G6M,204150649,2924-02797742-2A1518706,2024-04-21T23:19:09.000Z,Mr. Tony Caruso joins Group 6 Metals Board,152KB,false,G6M,,"[""Director Appointment/Resignation""]","[{""symbolDisplay"": ""G6M""}]","[{""symbol"": ""G6M"", ""xid"": ""142754"", ""ASXSecurityType"": 1, ""displayName"": ""GROUP 6 METALS LIMITED"", ""issueType"": ""CS"", ""issueTypeName"": ""Common Stock"", ""issueTypeCode"": 1, ""isin"": ""AU0000188021"", ""xidEntity"": 204150649}]","[""G6M"", """"]"
G6M,204150649,2924-02795894-2A1517851,2024-04-15T23:29:42.000Z,Dolphin Tungsten Mine Achieves Record Monthly Production,471KB,true,G6M,,"[""Progress Report""]","[{""symbolDisplay"": ""G6M""}]","[{""symbol"": ""G6M"", ""xid"": ""142754"", ""ASXSecurityType"": 1, ""displayName"": ""GROUP 6 METALS LIMITED"", ""issueType"": ""CS"", ""issueTypeName"": ""Common Stock"", ""issueTypeCode"": 1, ""isin"": ""AU0000188021"", ""xidEntity"": 204150649}]","[""G6M"", """"]"
G6M,204150649,2924-02789314-2A1514154,2024-03-26T22:49:37.000Z,G6M Appoints Executive General Manager of Operations,239KB,false,G6M,,"[""Company Administration - Other""]","[{""symbolDisplay"": ""G6M""}]","[{""symbol"": ""G6M"", ""xid"": ""142754"", ""ASXSecurityType"": 1, ""displayName"": ""GROUP 6 METALS LIMITED"", ""issueType"": ""CS"", ""issueTypeName"": ""Common Stock"", ""issueTypeCode"": 1, ""isin"": ""AU0000188021"", ""xidEntity"": 204150649}]","[""G6M"", """"]"
G6M,204150649,2924-02786473-2A1512632,2024-03-18T22:43:01.000Z,Company Presentation- Tungsten Production Accelerating,3306KB,true,G6M,,"[""Company Presentation""]","[{""symbolDisplay"": ""G6M""}]","[{""symbol"": ""G6M"", ""xid"": ""142754"", ""ASXSecurityType"": 1, ""displayName"": ""GROUP 6 METALS LIMITED"", ""issueType"": ""CS"", ""issueTypeName"": ""Common Stock"", ""issueTypeCode"": 1, ""isin"": ""AU0000188021"", ""xidEntity"": 204150649}]","[""G6M"", """"]"
G6M,204150649,2924-02785617-2A1512249,2024-03-15T04:44:47.000Z,Half Year Accounts as at 31 December 2023,939KB,false,G6M,,"[""Top 20 shareholders"", ""Half Year Audit Review"", ""Half Year Directors' Statement"", ""Half Year Accounts"", ""Half Year Directors' Report""]","[{""symbolDisplay"": ""G6M""}]","[{""symbol"": ""G6M"", ""xid"": ""142754"", ""ASXSecurityType"": 1, ""displayName"": ""GROUP 6 METALS LIMITED"", ""issueType"": ""CS"", ""issueTypeName"": ""Common Stock"", ""issueTypeCode"": 1, ""isin"": ""AU0000188021"", ""xidEntity"": 204150649}]","[""G6M"", """"]"
G6M,204150649,2924-02783283-2A1511002,2024-03-10T23:59:25.000Z,Dolphin Ore Body Is Proving Its World Class Potential,689KB,true,G6M,,"[""Progress Report""]","[{""symbolDisplay"": ""G6M""}]","[{""symbol"": ""G6M"", ""xid"": ""142754"", ""ASXSecurityType"": 1, ""displayName"": ""GROUP 6 METALS LIMITED"", ""issueType"": ""CS"", ""issueTypeName"": ""Common Stock"", ""issueTypeCode"": 1, ""isin"": ""AU0000188021"", ""xidEntity"": 204150649}]","[""G6M"", """"]"
G6M,204150649,2924-02780745-2A1509287,2024-03-03T22:56:24.000Z,Cleansing Notice,251KB,false,G6M,,"[""Cleansing Notice""]","[{""symbolDisplay"": ""G6M""}]","[{""symbol"": ""G6M"", ""xid"": ""142754"", ""ASXSecurityType"": 1, ""displayName"": ""GROUP 6 METALS LIMITED"", ""issueType"": ""CS"", ""issueTypeName"": ""Common Stock"", ""issueTypeCode"": 1, ""isin"": ""AU0000188021"", ""xidEntity"": 204150649}]","[""G6M"", """"]"
G6M,204150649,2924-02780742-2A1509285,2024-03-03T22:54:44.000Z,Application for quotation of securities - G6M,17KB,false,G6M,,"[""Appendix 2A""]","[{""symbolDisplay"": ""G6M""}]","[{""symbol"": ""G6M"", ""xid"": ""142754"", ""ASXSecurityType"": 1, ""displayName"": ""GROUP 6 METALS LIMITED"", ""issueType"": ""CS"", ""issueTypeName"": ""Common Stock"", ""issueTypeCode"": 1, ""isin"": ""AU0000188021"", ""xidEntity"": 204150649}]","[""G6M"", """"]"
G6M,204150649,2924-02779654-2A1508649,2024-02-29T05:01:38.000Z,Proposed issue of securities - G6M,14KB,false,G6M,,"[""Appendix 3B (Proposed issue of securities)""]","[{""symbolDisplay"": ""G6M""}]","[{""symbol"": ""G6M"", ""xid"": ""142754"", ""ASXSecurityType"": 1, ""displayName"": ""GROUP 6 METALS LIMITED"", ""issueType"": ""CS"", ""issueTypeName"": ""Common Stock"", ""issueTypeCode"": 1, ""isin"": ""AU0000188021"", ""xidEntity"": 204150649}]","[""G6M"", """"]"
G6M,204150649,2924-02768009-2A1502304,2024-01-31T06:51:40.000Z,Quarterly Activities/Appendix 5B Cash Flow Report,770KB,true,G6M,,"[""Second Quarter Activities Report"", ""Second Quarter Cash Flow Report""]","[{""symbolDisplay"": ""G6M""}]","[{""symbol"": ""G6M"", ""xid"": ""142754"", ""ASXSecurityType"": 1, ""displayName"": ""GROUP 6 METALS LIMITED"", ""issueType"": ""CS"", ""issueTypeName"": ""Common Stock"", ""issueTypeCode"": 1, ""isin"": ""AU0000188021"", ""xidEntity"": 204150649}]","[""G6M"", """"]"
G6M,204150649,2924-02762468-2A1499744,2024-01-14T22:32:14.000Z,Dolphin Tungsten Mine receives R & D Grant of $14.3m,254KB,true,G6M,,"[""Periodic Reports - Other""]","[{""symbolDisplay"": ""G6M""}]","[{""symbol"": ""G6M"", ""xid"": ""142754"", ""ASXSecurityType"": 1, ""displayName"": ""GROUP 6 METALS LIMITED"", ""issueType"": ""CS"", ""issueTypeName"": ""Common Stock"", ""issueTypeCode"": 1, ""isin"": ""AU0000188021"", ""xidEntity"": 204150649}]","[""G6M"", """"]"
G6M,204150649,2924-02757833-2A1496471,2023-12-22T03:52:33.000Z,Details of Company Address,157KB,false,G6M,,"[""Details of Company Address""]","[{""symbolDisplay"": ""G6M""}]","[{""symbol"": ""G6M"", ""xid"": ""142754"", ""ASXSecurityType"": 1, ""displayName"": ""GROUP 6 METALS LIMITED"", ""issueType"": ""CS"", ""issueTypeName"": ""Common Stock"", ""issueTypeCode"": 1, ""isin"": ""AU0000188021"", ""xidEntity"": 204150649}]","[""G6M"", """"]"
G6M,204150649,2924-02757566-2A1496295,2023-12-21T22:55:32.000Z,DTM To Receive Cash Injection As Tungsten Output Ramps Up,587KB,true,G6M,,"[""Periodic Reports - Other"", ""Progress Report""]","[{""symbolDisplay"": ""G6M""}]","[{""symbol"": ""G6M"", ""xid"": ""142754"", ""ASXSecurityType"": 1, ""displayName"": ""GROUP 6 METALS LIMITED"", ""issueType"": ""CS"", ""issueTypeName"": ""Common Stock"", ""issueTypeCode"": 1, ""isin"": ""AU0000188021"", ""xidEntity"": 204150649}]","[""G6M"", """"]"
G6M,204150649,2924-02744341-2A1489742,2023-11-23T03:44:52.000Z,Constitution,621KB,false,G6M,,"[""Constitution""]","[{""symbolDisplay"": ""G6M""}]","[{""symbol"": ""G6M"", ""xid"": ""142754"", ""ASXSecurityType"": 1, ""displayName"": ""GROUP 6 METALS LIMITED"", ""issueType"": ""CS"", ""issueTypeName"": ""Common Stock"", ""issueTypeCode"": 1, ""isin"": ""AU0000188021"", ""xidEntity"": 204150649}]","[""G6M"", """"]"
G6M,204150649,2924-02744339-2A1489741,2023-11-23T03:43:32.000Z,Results of Meeting,350KB,false,G6M,,"[""Results of Meeting""]","[{""symbolDisplay"": ""G6M""}]","[{""symbol"": ""G6M"", ""xid"": ""142754"", ""ASXSecurityType"": 1, ""displayName"": ""GROUP 6 METALS LIMITED"", ""issueType"": ""CS"", ""issueTypeName"": ""Common Stock"", ""issueTypeCode"": 1, ""isin"": ""AU0000188021"", ""xidEntity"": 204150649}]","[""G6M"", """"]"
G6M,204150649,2924-02744179-2A1489676,2023-11-23T00:30:21.000Z,Annual General Meeting- CEO's Presentation,4805KB,false,G6M,,"[""Company Presentation"", ""Chair's Address to Shareholders""]","[{""symbolDisplay"": ""G6M""}]","[{""symbol"": ""G6M"", ""xid"": ""142754"", ""ASXSecurityType"": 1, ""displayName"": ""GROUP 6 METALS LIMITED"", ""issueType"": ""CS"", ""issueTypeName"": ""Common Stock"", ""issueTypeCode"": 1, ""isin"": ""AU0000188021"", ""xidEntity"": 204150649}]","[""G6M"", """"]"
G6M,204150649,2924-02735718-2A1485529,2023-11-02T23:03:50.000Z,Additional Capital Attracted to Support Dolphin Ramp Up,279KB,true,G6M,,"[""Trading Halt Lifted"", ""Progress Report"", ""Debt Facility""]","[{""symbolDisplay"": ""G6M""}]","[{""symbol"": ""G6M"", ""xid"": ""142754"", ""ASXSecurityType"": 1, ""displayName"": ""GROUP 6 METALS LIMITED"", ""issueType"": ""CS"", ""issueTypeName"": ""Common Stock"", ""issueTypeCode"": 1, ""isin"": ""AU0000188021"", ""xidEntity"": 204150649}]","[""G6M"", """"]"
G6M,204150649,2924-02734500-2A1484817,2023-10-31T22:36:56.000Z,Trading Halt,612KB,true,G6M,,"[""Trading Halt""]","[{""symbolDisplay"": ""G6M""}]","[{""symbol"": ""G6M"", ""xid"": ""142754"", ""ASXSecurityType"": 1, ""displayName"": ""GROUP 6 METALS LIMITED"", ""issueType"": ""CS"", ""issueTypeName"": ""Common Stock"", ""issueTypeCode"": 1, ""isin"": ""AU0000188021"", ""xidEntity"": 204150649}]","[""G6M"", """"]"
G6M,204150649,2924-02734253-2A1484666,2023-10-31T09:25:11.000Z,Quarterly Activities/Appendix 5B Cash Flow Report,1183KB,true,G6M,,"[""First Quarter Activities Report"", ""First Quarter Cash Flow Report""]","[{""symbolDisplay"": ""G6M""}]","[{""symbol"": ""G6M"", ""xid"": ""142754"", ""ASXSecurityType"": 1, ""displayName"": ""GROUP 6 METALS LIMITED"", ""issueType"": ""CS"", ""issueTypeName"": ""Common Stock"", ""issueTypeCode"": 1, ""isin"": ""AU0000188021"", ""xidEntity"": 204150649}]","[""G6M"", """"]"
G6M,204150649,2924-02729982-2A1482986,2023-10-25T03:05:36.000Z,Notice of Annual General Meeting/Proxy Form,637KB,false,G6M,,"[""Notice of Annual General Meeting"", ""Proxy Form""]","[{""symbolDisplay"": ""G6M""}]","[{""symbol"": ""G6M"", ""xid"": ""142754"", ""ASXSecurityType"": 1, ""displayName"": ""GROUP 6 METALS LIMITED"", ""issueType"": ""CS"", ""issueTypeName"": ""Common Stock"", ""issueTypeCode"": 1, ""isin"": ""AU0000188021"", ""xidEntity"": 204150649}]","[""G6M"", """"]"
G6M,204150649,2924-02719212-2A1477589,2023-09-29T07:27:36.000Z,Date of Annual General Meeting,158KB,false,G6M,,"[""Notice of Meeting - Other""]","[{""symbolDisplay"": ""G6M""}]","[{""symbol"": ""G6M"", ""xid"": ""142754"", ""ASXSecurityType"": 1, ""displayName"": ""GROUP 6 METALS LIMITED"", ""issueType"": ""CS"", ""issueTypeName"": ""Common Stock"", ""issueTypeCode"": 1, ""isin"": ""AU0000188021"", ""xidEntity"": 204150649}]","[""G6M"", """"]"
G6M,204150649,2924-02714494-2A1475182,2023-09-20T23:56:57.000Z,Further Progress at Dolphin Tungsten Mine,1280KB,false,G6M,,"[""Progress Report"", ""Debt Facility""]","[{""symbolDisplay"": ""G6M""}]","[{""symbol"": ""G6M"", ""xid"": ""142754"", ""ASXSecurityType"": 1, ""displayName"": ""GROUP 6 METALS LIMITED"", ""issueType"": ""CS"", ""issueTypeName"": ""Common Stock"", ""issueTypeCode"": 1, ""isin"": ""AU0000188021"", ""xidEntity"": 204150649}]","[""G6M"", """"]"
G6M,204150649,2924-02708855-2A1472549,2023-09-06T22:31:59.000Z,2023 Appendix 4G and Corporate Governance Statement,635KB,false,G6M,,"[""Corporate Governance"", ""Appendix 4G""]","[{""symbolDisplay"": ""G6M""}]","[{""symbol"": ""G6M"", ""xid"": ""142754"", ""ASXSecurityType"": 1, ""displayName"": ""GROUP 6 METALS LIMITED"", ""issueType"": ""CS"", ""issueTypeName"": ""Common Stock"", ""issueTypeCode"": 1, ""isin"": ""AU0000188021"", ""xidEntity"": 204150649}]","[""G6M"", """"]"
G6M,204150649,2924-02708852-2A1472547,2023-09-06T22:30:49.000Z,Annual Report 2023,2367KB,false,G6M,,"[""Annual Report"", ""Top 20 shareholders"", ""Full Year Accounts"", ""Full Year Audit Review"", ""Full Year Directors' Statement"", ""Full Year Directors' Report""]","[{""symbolDisplay"": ""G6M""}]","[{""symbol"": ""G6M"", ""xid"": ""142754"", ""ASXSecurityType"": 1, ""displayName"": ""GROUP 6 METALS LIMITED"", ""issueType"": ""CS"", ""issueTypeName"": ""Common Stock"", ""issueTypeCode"": 1, ""isin"": ""AU0000188021"", ""xidEntity"": 204150649}]","[""G6M"", """"]"
G6M,204150649,2924-02696903-2A1466112,2023-08-13T23:18:13.000Z,Investigator 22 and 24 Exploration Drilling Report,1916KB,true,G6M,,"[""Progress Report""]","[{""symbolDisplay"": ""G6M""}]","[{""symbol"": ""G6M"", ""xid"": ""142754"", ""ASXSecurityType"": 1, ""displayName"": ""GROUP 6 METALS LIMITED"", ""issueType"": ""CS"", ""issueTypeName"": ""Common Stock"", ""issueTypeCode"": 1, ""isin"": ""AU0000188021"", ""xidEntity"": 204150649}]","[""G6M"", """"]"
G6M,204150649,2924-02696078-2A1465684,2023-08-09T23:54:02.000Z,Production Ramp Up at Dolphin Tungsten Mine,867KB,true,G6M,,"[""Progress Report""]","[{""symbolDisplay"": ""G6M""}]","[{""symbol"": ""G6M"", ""xid"": ""142754"", ""ASXSecurityType"": 1, ""displayName"": ""GROUP 6 METALS LIMITED"", ""issueType"": ""CS"", ""issueTypeName"": ""Common Stock"", ""issueTypeCode"": 1, ""isin"": ""AU0000188021"", ""xidEntity"": 204150649}]","[""G6M"", """"]"
G6M,204150649,2924-02693938-2A1464488,2023-08-03T04:51:38.000Z,Cleansing Notice,252KB,false,G6M,,"[""Cleansing Notice""]","[{""symbolDisplay"": ""G6M""}]","[{""symbol"": ""G6M"", ""xid"": ""142754"", ""ASXSecurityType"": 1, ""displayName"": ""GROUP 6 METALS LIMITED"", ""issueType"": ""CS"", ""issueTypeName"": ""Common Stock"", ""issueTypeCode"": 1, ""isin"": ""AU0000188021"", ""xidEntity"": 204150649}]","[""G6M"", """"]"
G6M,204150649,2924-02693937-2A1464487,2023-08-03T04:49:48.000Z,Notification regarding unquoted securities - G6M,26KB,false,G6M,,"[""Appendix 3G""]","[{""symbolDisplay"": ""G6M""}]","[{""symbol"": ""G6M"", ""xid"": ""142754"", ""ASXSecurityType"": 1, ""displayName"": ""GROUP 6 METALS LIMITED"", ""issueType"": ""CS"", ""issueTypeName"": ""Common Stock"", ""issueTypeCode"": 1, ""isin"": ""AU0000188021"", ""xidEntity"": 204150649}]","[""G6M"", """"]"
G6M,204150649,2924-02693936-2A1464486,2023-08-03T04:48:13.000Z,Application for quotation of securities - G6M,26KB,false,G6M,,"[""Appendix 2A""]","[{""symbolDisplay"": ""G6M""}]","[{""symbol"": ""G6M"", ""xid"": ""142754"", ""ASXSecurityType"": 1, ""displayName"": ""GROUP 6 METALS LIMITED"", ""issueType"": ""CS"", ""issueTypeName"": ""Common Stock"", ""issueTypeCode"": 1, ""isin"": ""AU0000188021"", ""xidEntity"": 204150649}]","[""G6M"", """"]"
G6M,204150649,2924-02692413-2A1463724,2023-07-31T05:40:52.000Z,Quarterly Activities/Appendix 5B Cash Flow Report,1793KB,true,G6M,,"[""Fourth Quarter Activities Report"", ""Fourth Quarter Cash Flow Report""]","[{""symbolDisplay"": ""G6M""}]","[{""symbol"": ""G6M"", ""xid"": ""142754"", ""ASXSecurityType"": 1, ""displayName"": ""GROUP 6 METALS LIMITED"", ""issueType"": ""CS"", ""issueTypeName"": ""Common Stock"", ""issueTypeCode"": 1, ""isin"": ""AU0000188021"", ""xidEntity"": 204150649}]","[""G6M"", """"]"
G6M,204150649,2924-02690358-2A1462984,2023-07-26T07:37:35.000Z,Cleansing Notice,252KB,false,G6M,,"[""Cleansing Notice""]","[{""symbolDisplay"": ""G6M""}]","[{""symbol"": ""G6M"", ""xid"": ""142754"", ""ASXSecurityType"": 1, ""displayName"": ""GROUP 6 METALS LIMITED"", ""issueType"": ""CS"", ""issueTypeName"": ""Common Stock"", ""issueTypeCode"": 1, ""isin"": ""AU0000188021"", ""xidEntity"": 204150649}]","[""G6M"", """"]"
G6M,204150649,2924-02690355-2A1462983,2023-07-26T07:30:45.000Z,Notification regarding unquoted securities - G6M,26KB,false,G6M,,"[""Appendix 3G""]","[{""symbolDisplay"": ""G6M""}]","[{""symbol"": ""G6M"", ""xid"": ""142754"", ""ASXSecurityType"": 1, ""displayName"": ""GROUP 6 METALS LIMITED"", ""issueType"": ""CS"", ""issueTypeName"": ""Common Stock"", ""issueTypeCode"": 1, ""isin"": ""AU0000188021"", ""xidEntity"": 204150649}]","[""G6M"", """"]"
G6M,204150649,2924-02690354-2A1462982,2023-07-26T07:28:40.000Z,Application for quotation of securities - G6M,26KB,false,G6M,,"[""Appendix 2A""]","[{""symbolDisplay"": ""G6M""}]","[{""symbol"": ""G6M"", ""xid"": ""142754"", ""ASXSecurityType"": 1, ""displayName"": ""GROUP 6 METALS LIMITED"", ""issueType"": ""CS"", ""issueTypeName"": ""Common Stock"", ""issueTypeCode"": 1, ""isin"": ""AU0000188021"", ""xidEntity"": 204150649}]","[""G6M"", """"]"
G6M,204150649,2924-02688173-2A1462001,2023-07-19T01:49:09.000Z,First Shipment of Tungsten Concentrate Dispatched from DTM,1206KB,true,G6M,,"[""Progress Report""]","[{""symbolDisplay"": ""G6M""}]","[{""symbol"": ""G6M"", ""xid"": ""142754"", ""ASXSecurityType"": 1, ""displayName"": ""GROUP 6 METALS LIMITED"", ""issueType"": ""CS"", ""issueTypeName"": ""Common Stock"", ""issueTypeCode"": 1, ""isin"": ""AU0000188021"", ""xidEntity"": 204150649}]","[""G6M"", """"]"
G6M,204150649,2924-02687406-2A1461610,2023-07-17T06:09:41.000Z,Notification regarding unquoted securities - G6M,38KB,false,G6M,,"[""Appendix 3G""]","[{""symbolDisplay"": ""G6M""}]","[{""symbol"": ""G6M"", ""xid"": ""142754"", ""ASXSecurityType"": 1, ""displayName"": ""GROUP 6 METALS LIMITED"", ""issueType"": ""CS"", ""issueTypeName"": ""Common Stock"", ""issueTypeCode"": 1, ""isin"": ""AU0000188021"", ""xidEntity"": 204150649}]","[""G6M"", """"]"
G6M,204150649,2924-02687401-2A1461614,2023-07-17T06:00:51.000Z,Change of Director's Interest Notice- Keith McKnight,231KB,false,G6M,,"[""Change of Director's Interest Notice""]","[{""symbolDisplay"": ""G6M""}]","[{""symbol"": ""G6M"", ""xid"": ""142754"", ""ASXSecurityType"": 1, ""displayName"": ""GROUP 6 METALS LIMITED"", ""issueType"": ""CS"", ""issueTypeName"": ""Common Stock"", ""issueTypeCode"": 1, ""isin"": ""AU0000188021"", ""xidEntity"": 204150649}]","[""G6M"", """"]"
G6M,204150649,2924-02687394-2A1461609,2023-07-17T05:52:01.000Z,Notification regarding unquoted securities - G6M,39KB,false,G6M,,"[""Appendix 3G""]","[{""symbolDisplay"": ""G6M""}]","[{""symbol"": ""G6M"", ""xid"": ""142754"", ""ASXSecurityType"": 1, ""displayName"": ""GROUP 6 METALS LIMITED"", ""issueType"": ""CS"", ""issueTypeName"": ""Common Stock"", ""issueTypeCode"": 1, ""isin"": ""AU0000188021"", ""xidEntity"": 204150649}]","[""G6M"", """"]"
G6M,204150649,2924-02686732-2A1461222,2023-07-13T23:50:53.000Z,Change of Director's Interest Notice- Chris Ellis,218KB,false,G6M,,"[""Change of Director's Interest Notice""]","[{""symbolDisplay"": ""G6M""}]","[{""symbol"": ""G6M"", ""xid"": ""142754"", ""ASXSecurityType"": 1, ""displayName"": ""GROUP 6 METALS LIMITED"", ""issueType"": ""CS"", ""issueTypeName"": ""Common Stock"", ""issueTypeCode"": 1, ""isin"": ""AU0000188021"", ""xidEntity"": 204150649}]","[""G6M"", """"]"
G6M,204150649,2924-02686729-2A1461221,2023-07-13T23:50:18.000Z,Change of Director's Interest Notice- Johann Jacobs,229KB,false,G6M,,"[""Change of Director's Interest Notice""]","[{""symbolDisplay"": ""G6M""}]","[{""symbol"": ""G6M"", ""xid"": ""142754"", ""ASXSecurityType"": 1, ""displayName"": ""GROUP 6 METALS LIMITED"", ""issueType"": ""CS"", ""issueTypeName"": ""Common Stock"", ""issueTypeCode"": 1, ""isin"": ""AU0000188021"", ""xidEntity"": 204150649}]","[""G6M"", """"]"
G6M,204150649,2924-02685594-2A1460622,2023-07-11T01:02:58.000Z,Notification regarding unquoted securities - G6M,27KB,false,G6M,,"[""Appendix 3G""]","[{""symbolDisplay"": ""G6M""}]","[{""symbol"": ""G6M"", ""xid"": ""142754"", ""ASXSecurityType"": 1, ""displayName"": ""GROUP 6 METALS LIMITED"", ""issueType"": ""CS"", ""issueTypeName"": ""Common Stock"", ""issueTypeCode"": 1, ""isin"": ""AU0000188021"", ""xidEntity"": 204150649}]","[""G6M"", """"]"
G6M,204150649,2924-02685560-2A1460577,2023-07-11T00:26:17.000Z,Application for quotation of securities - G6M,24KB,false,G6M,,"[""Appendix 2A""]","[{""symbolDisplay"": ""G6M""}]","[{""symbol"": ""G6M"", ""xid"": ""142754"", ""ASXSecurityType"": 1, ""displayName"": ""GROUP 6 METALS LIMITED"", ""issueType"": ""CS"", ""issueTypeName"": ""Common Stock"", ""issueTypeCode"": 1, ""isin"": ""AU0000188021"", ""xidEntity"": 204150649}]","[""G6M"", """"]"
G6M,204150649,2924-02685540-2A1460568,2023-07-11T00:03:42.000Z,G6M RAISES $3.7M VIA SHARE PURCHASE PLAN,233KB,true,G6M,,"[""Security Purchase Plan""]","[{""symbolDisplay"": ""G6M""}]","[{""symbol"": ""G6M"", ""xid"": ""142754"", ""ASXSecurityType"": 1, ""displayName"": ""GROUP 6 METALS LIMITED"", ""issueType"": ""CS"", ""issueTypeName"": ""Common Stock"", ""issueTypeCode"": 1, ""isin"": ""AU0000188021"", ""xidEntity"": 204150649}]","[""G6M"", """"]"
G6M,204150649,2924-02682887-2A1458957,2023-07-03T23:56:17.000Z,Commercial Production of Tungsten Concentrate Achieved,1254KB,true,G6M,,"[""Progress Report""]","[{""symbolDisplay"": ""G6M""}]","[{""symbol"": ""G6M"", ""xid"": ""142754"", ""ASXSecurityType"": 1, ""displayName"": ""GROUP 6 METALS LIMITED"", ""issueType"": ""CS"", ""issueTypeName"": ""Common Stock"", ""issueTypeCode"": 1, ""isin"": ""AU0000188021"", ""xidEntity"": 204150649}]","[""G6M"", """"]"
G6M,204150649,2924-02681492-2A1457974,2023-06-30T03:14:44.000Z,Share Purchase Plan Update,259KB,false,G6M,,"[""Security Purchase Plan""]","[{""symbolDisplay"": ""G6M""}]","[{""symbol"": ""G6M"", ""xid"": ""142754"", ""ASXSecurityType"": 1, ""displayName"": ""GROUP 6 METALS LIMITED"", ""issueType"": ""CS"", ""issueTypeName"": ""Common Stock"", ""issueTypeCode"": 1, ""isin"": ""AU0000188021"", ""xidEntity"": 204150649}]","[""G6M"", """"]"
G6M,204150649,2924-02680883-2A1457462,2023-06-29T02:54:47.000Z,Change of Director's Interest Notice,226KB,false,G6M,,"[""Change of Director's Interest Notice""]","[{""symbolDisplay"": ""G6M""}]","[{""symbol"": ""G6M"", ""xid"": ""142754"", ""ASXSecurityType"": 1, ""displayName"": ""GROUP 6 METALS LIMITED"", ""issueType"": ""CS"", ""issueTypeName"": ""Common Stock"", ""issueTypeCode"": 1, ""isin"": ""AU0000188021"", ""xidEntity"": 204150649}]","[""G6M"", """"]"
G6M,204150649,2924-02680091-2A1457052,2023-06-27T06:03:34.000Z,Change in substantial holding- Chrysalis,1024KB,false,G6M,,"[""Change in substantial holding""]","[{""symbolDisplay"": ""G6M""}]","[{""symbol"": ""G6M"", ""xid"": ""142754"", ""ASXSecurityType"": 1, ""displayName"": ""GROUP 6 METALS LIMITED"", ""issueType"": ""CS"", ""issueTypeName"": ""Common Stock"", ""issueTypeCode"": 1, ""isin"": ""AU0000188021"", ""xidEntity"": 204150649}]","[""G6M"", """"]"
G6M,204150649,2924-02680090-2A1457051,2023-06-27T06:00:54.000Z,Change of Director's Interest Notice- Chris Ellis,217KB,false,G6M,,"[""Change of Director's Interest Notice""]","[{""symbolDisplay"": ""G6M""}]","[{""symbol"": ""G6M"", ""xid"": ""142754"", ""ASXSecurityType"": 1, ""displayName"": ""GROUP 6 METALS LIMITED"", ""issueType"": ""CS"", ""issueTypeName"": ""Common Stock"", ""issueTypeCode"": 1, ""isin"": ""AU0000188021"", ""xidEntity"": 204150649}]","[""G6M"", """"]"
G6M,204150649,2924-02680088-2A1457049,2023-06-27T05:58:04.000Z,Change of Director's Interest Notice- Jacobs,228KB,false,G6M,,"[""Change of Director's Interest Notice""]","[{""symbolDisplay"": ""G6M""}]","[{""symbol"": ""G6M"", ""xid"": ""142754"", ""ASXSecurityType"": 1, ""displayName"": ""GROUP 6 METALS LIMITED"", ""issueType"": ""CS"", ""issueTypeName"": ""Common Stock"", ""issueTypeCode"": 1, ""isin"": ""AU0000188021"", ""xidEntity"": 204150649}]","[""G6M"", """"]"
G6M,204150649,2924-02680086-2A1457048,2023-06-27T05:56:24.000Z,Cleansing Notice- Placement,252KB,false,G6M,,"[""Cleansing Notice""]","[{""symbolDisplay"": ""G6M""}]","[{""symbol"": ""G6M"", ""xid"": ""142754"", ""ASXSecurityType"": 1, ""displayName"": ""GROUP 6 METALS LIMITED"", ""issueType"": ""CS"", ""issueTypeName"": ""Common Stock"", ""issueTypeCode"": 1, ""isin"": ""AU0000188021"", ""xidEntity"": 204150649}]","[""G6M"", """"]"
G6M,204150649,2924-02680085-2A1457047,2023-06-27T05:54:44.000Z,Application for quotation of securities - G6M,25KB,false,G6M,,"[""Appendix 2A""]","[{""symbolDisplay"": ""G6M""}]","[{""symbol"": ""G6M"", ""xid"": ""142754"", ""ASXSecurityType"": 1, ""displayName"": ""GROUP 6 METALS LIMITED"", ""issueType"": ""CS"", ""issueTypeName"": ""Common Stock"", ""issueTypeCode"": 1, ""isin"": ""AU0000188021"", ""xidEntity"": 204150649}]","[""G6M"", """"]"
G6M,204150649,2924-02679478-2A1456629,2023-06-26T01:43:02.000Z,Bold Head Maiden Mineral Reserve Estimate,2867KB,true,G6M,,"[""Progress Report""]","[{""symbolDisplay"": ""G6M""}]","[{""symbol"": ""G6M"", ""xid"": ""142754"", ""ASXSecurityType"": 1, ""displayName"": ""GROUP 6 METALS LIMITED"", ""issueType"": ""CS"", ""issueTypeName"": ""Common Stock"", ""issueTypeCode"": 1, ""isin"": ""AU0000188021"", ""xidEntity"": 204150649}]","[""G6M"", """"]"
G6M,204150649,2924-02678070-2A1455864,2023-06-20T23:28:04.000Z,SPP update and release of supplementary prospectus,474KB,true,G6M,,"[""Disclosure Document"", ""Security Purchase Plan""]","[{""symbolDisplay"": ""G6M""}]","[{""symbol"": ""G6M"", ""xid"": ""142754"", ""ASXSecurityType"": 1, ""displayName"": ""GROUP 6 METALS LIMITED"", ""issueType"": ""CS"", ""issueTypeName"": ""Common Stock"", ""issueTypeCode"": 1, ""isin"": ""AU0000188021"", ""xidEntity"": 204150649}]","[""G6M"", """"]"
G6M,204150649,2924-02676466-2A1455027,2023-06-15T04:33:10.000Z,Results of Meeting,355KB,false,G6M,,"[""Results of Meeting""]","[{""symbolDisplay"": ""G6M""}]","[{""symbol"": ""G6M"", ""xid"": ""142754"", ""ASXSecurityType"": 1, ""displayName"": ""GROUP 6 METALS LIMITED"", ""issueType"": ""CS"", ""issueTypeName"": ""Common Stock"", ""issueTypeCode"": 1, ""isin"": ""AU0000188021"", ""xidEntity"": 204150649}]","[""G6M"", """"]"
G6M,204150649,2924-02675855-2A1454721,2023-06-14T00:36:43.000Z,"Investor Presentation- Mines and Money, June 2023",3626KB,false,G6M,,"[""Company Presentation""]","[{""symbolDisplay"": ""G6M""}]","[{""symbol"": ""G6M"", ""xid"": ""142754"", ""ASXSecurityType"": 1, ""displayName"": ""GROUP 6 METALS LIMITED"", ""issueType"": ""CS"", ""issueTypeName"": ""Common Stock"", ""issueTypeCode"": 1, ""isin"": ""AU0000188021"", ""xidEntity"": 204150649}]","[""G6M"", """"]"
G6M,204150649,2924-02671982-2A1452418,2023-05-31T23:26:51.000Z,First Tungsten Concentrate Produced at Dolphin,433KB,true,G6M,,"[""Progress Report""]","[{""symbolDisplay"": ""G6M""}]","[{""symbol"": ""G6M"", ""xid"": ""142754"", ""ASXSecurityType"": 1, ""displayName"": ""GROUP 6 METALS LIMITED"", ""issueType"": ""CS"", ""issueTypeName"": ""Common Stock"", ""issueTypeCode"": 1, ""isin"": ""AU0000188021"", ""xidEntity"": 204150649}]","[""G6M"", """"]"
G6M,204150649,2924-02666529-2A1449635,2023-05-16T03:07:27.000Z,Becoming a substantial holder- Elphinstone,400KB,false,G6M,,"[""Becoming a substantial holder""]","[{""symbolDisplay"": ""G6M""}]","[{""symbol"": ""G6M"", ""xid"": ""142754"", ""ASXSecurityType"": 1, ""displayName"": ""GROUP 6 METALS LIMITED"", ""issueType"": ""CS"", ""issueTypeName"": ""Common Stock"", ""issueTypeCode"": 1, ""isin"": ""AU0000188021"", ""xidEntity"": 204150649}]","[""G6M"", """"]"
G6M,204150649,2924-02666525-2A1449633,2023-05-16T03:05:27.000Z,Change in substantial holding- Chadwick,1915KB,false,G6M,,"[""Change in substantial holding""]","[{""symbolDisplay"": ""G6M""}]","[{""symbol"": ""G6M"", ""xid"": ""142754"", ""ASXSecurityType"": 1, ""displayName"": ""GROUP 6 METALS LIMITED"", ""issueType"": ""CS"", ""issueTypeName"": ""Common Stock"", ""issueTypeCode"": 1, ""isin"": ""AU0000188021"", ""xidEntity"": 204150649}]","[""G6M"", """"]"
G6M,204150649,2924-02666096-2A1449437,2023-05-15T05:41:56.000Z,Change in substantial holding- Chrysalis,1001KB,false,G6M,,"[""Change in substantial holding""]","[{""symbolDisplay"": ""G6M""}]","[{""symbol"": ""G6M"", ""xid"": ""142754"", ""ASXSecurityType"": 1, ""displayName"": ""GROUP 6 METALS LIMITED"", ""issueType"": ""CS"", ""issueTypeName"": ""Common Stock"", ""issueTypeCode"": 1, ""isin"": ""AU0000188021"", ""xidEntity"": 204150649}]","[""G6M"", """"]"
G6M,204150649,2924-02665850-2A1449312,2023-05-14T23:07:14.000Z,Cleansing Notice- Placement,247KB,false,G6M,,"[""Cleansing Notice""]","[{""symbolDisplay"": ""G6M""}]","[{""symbol"": ""G6M"", ""xid"": ""142754"", ""ASXSecurityType"": 1, ""displayName"": ""GROUP 6 METALS LIMITED"", ""issueType"": ""CS"", ""issueTypeName"": ""Common Stock"", ""issueTypeCode"": 1, ""isin"": ""AU0000188021"", ""xidEntity"": 204150649}]","[""G6M"", """"]"
G6M,204150649,2924-02665753-2A1449274,2023-05-14T22:23:39.000Z,Notice of Extraordinary General Meeting/Proxy Form,1545KB,false,G6M,,"[""Notice of Extraordinary General Meeting"", ""Proxy Form""]","[{""symbolDisplay"": ""G6M""}]","[{""symbol"": ""G6M"", ""xid"": ""142754"", ""ASXSecurityType"": 1, ""displayName"": ""GROUP 6 METALS LIMITED"", ""issueType"": ""CS"", ""issueTypeName"": ""Common Stock"", ""issueTypeCode"": 1, ""isin"": ""AU0000188021"", ""xidEntity"": 204150649}]","[""G6M"", """"]"
G6M,204150649,2924-02665472-2A1449131,2023-05-12T01:39:04.000Z,Application for quotation of securities - G6M,23KB,false,G6M,,"[""Appendix 2A""]","[{""symbolDisplay"": ""G6M""}]","[{""symbol"": ""G6M"", ""xid"": ""142754"", ""ASXSecurityType"": 1, ""displayName"": ""GROUP 6 METALS LIMITED"", ""issueType"": ""CS"", ""issueTypeName"": ""Common Stock"", ""issueTypeCode"": 1, ""isin"": ""AU0000188021"", ""xidEntity"": 204150649}]","[""G6M"", """"]"
G6M,204150649,2924-02665143-2A1448966,2023-05-11T06:46:43.000Z,Share Purchase Plan- Prospectus,967KB,true,G6M,,"[""Disclosure Document"", ""Security Purchase Plan""]","[{""symbolDisplay"": ""G6M""}]","[{""symbol"": ""G6M"", ""xid"": ""142754"", ""ASXSecurityType"": 1, ""displayName"": ""GROUP 6 METALS LIMITED"", ""issueType"": ""CS"", ""issueTypeName"": ""Common Stock"", ""issueTypeCode"": 1, ""isin"": ""AU0000188021"", ""xidEntity"": 204150649}]","[""G6M"", """"]"
G6M,204150649,2924-02664037-2A1448464,2023-05-09T00:06:33.000Z,Update - Proposed issue of securities - G6M,47KB,false,G6M,,"[""Appendix 3B (Proposed issue of securities)""]","[{""symbolDisplay"": ""G6M""}]","[{""symbol"": ""G6M"", ""xid"": ""142754"", ""ASXSecurityType"": 1, ""displayName"": ""GROUP 6 METALS LIMITED"", ""issueType"": ""CS"", ""issueTypeName"": ""Common Stock"", ""issueTypeCode"": 1, ""isin"": ""AU0000188021"", ""xidEntity"": 204150649}]","[""G6M"", """"]"
G6M,204150649,2924-02664012-2A1448445,2023-05-08T23:48:43.000Z,Investor Presentation- Equity Raising May 2023,4248KB,false,G6M,,"[""Company Presentation""]","[{""symbolDisplay"": ""G6M""}]","[{""symbol"": ""G6M"", ""xid"": ""142754"", ""ASXSecurityType"": 1, ""displayName"": ""GROUP 6 METALS LIMITED"", ""issueType"": ""CS"", ""issueTypeName"": ""Common Stock"", ""issueTypeCode"": 1, ""isin"": ""AU0000188021"", ""xidEntity"": 204150649}]","[""G6M"", """"]"
G6M,204150649,2924-02663695-2A1448317,2023-05-08T06:15:03.000Z,Reinstatement to Quotation,414KB,true,G6M,,"[""Reinstatement to Official Quotation""]","[{""symbolDisplay"": ""G6M""}]","[{""symbol"": ""G6M"", ""xid"": ""142754"", ""ASXSecurityType"": 1, ""displayName"": ""GROUP 6 METALS LIMITED"", ""issueType"": ""CS"", ""issueTypeName"": ""Common Stock"", ""issueTypeCode"": 1, ""isin"": ""AU0000188021"", ""xidEntity"": 204150649}]","[""G6M"", """"]"
G6M,204150649,2924-02663694-2A1448300,2023-05-08T06:14:53.000Z,Proposed issue of securities - G6M,49KB,false,G6M,,"[""Appendix 3B (Proposed issue of securities)""]","[{""symbolDisplay"": ""G6M""}]","[{""symbol"": ""G6M"", ""xid"": ""142754"", ""ASXSecurityType"": 1, ""displayName"": ""GROUP 6 METALS LIMITED"", ""issueType"": ""CS"", ""issueTypeName"": ""Common Stock"", ""issueTypeCode"": 1, ""isin"": ""AU0000188021"", ""xidEntity"": 204150649}]","[""G6M"", """"]"
G6M,204150649,2924-02663693-2A1448316,2023-05-08T06:14:48.000Z,Production set to begin supported by $30m capital raise,277KB,true,G6M,,"[""Placement"", ""Security Purchase Plan""]","[{""symbolDisplay"": ""G6M""}]","[{""symbol"": ""G6M"", ""xid"": ""142754"", ""ASXSecurityType"": 1, ""displayName"": ""GROUP 6 METALS LIMITED"", ""issueType"": ""CS"", ""issueTypeName"": ""Common Stock"", ""issueTypeCode"": 1, ""isin"": ""AU0000188021"", ""xidEntity"": 204150649}]","[""G6M"", """"]"
G6M,204150649,2924-02661878-2A1447209,2023-05-02T23:07:52.000Z,Voluntary Suspension from Quotation,604KB,true,G6M,,"[""Suspension from Official Quotation""]","[{""symbolDisplay"": ""G6M""}]","[{""symbol"": ""G6M"", ""xid"": ""142754"", ""ASXSecurityType"": 1, ""displayName"": ""GROUP 6 METALS LIMITED"", ""issueType"": ""CS"", ""issueTypeName"": ""Common Stock"", ""issueTypeCode"": 1, ""isin"": ""AU0000188021"", ""xidEntity"": 204150649}]","[""G6M"", """"]"
G6M,204150649,2924-02660732-2A1446561,2023-04-30T23:15:14.000Z,Trading Halt,603KB,true,G6M,,"[""Trading Halt""]","[{""symbolDisplay"": ""G6M""}]","[{""symbol"": ""G6M"", ""xid"": ""142754"", ""ASXSecurityType"": 1, ""displayName"": ""GROUP 6 METALS LIMITED"", ""issueType"": ""CS"", ""issueTypeName"": ""Common Stock"", ""issueTypeCode"": 1, ""isin"": ""AU0000188021"", ""xidEntity"": 204150649}]","[""G6M"", """"]"
G6M,204150649,2924-02660284-2A1446394,2023-04-28T07:01:47.000Z,Quarterly Activities/Appendix 5B Cash Flow Report,2047KB,true,G6M,,"[""Third Quarter Activities Report"", ""Third Quarter Cash Flow Report""]","[{""symbolDisplay"": ""G6M""}]","[{""symbol"": ""G6M"", ""xid"": ""142754"", ""ASXSecurityType"": 1, ""displayName"": ""GROUP 6 METALS LIMITED"", ""issueType"": ""CS"", ""issueTypeName"": ""Common Stock"", ""issueTypeCode"": 1, ""isin"": ""AU0000188021"", ""xidEntity"": 204150649}]","[""G6M"", """"]"
G6M,204150649,2924-02648785-2A1440309,2023-03-28T22:44:34.000Z,Renewable Power MoU with Fortescue Future Industries,264KB,false,G6M,,"[""Progress Report""]","[{""symbolDisplay"": ""G6M""}]","[{""symbol"": ""G6M"", ""xid"": ""142754"", ""ASXSecurityType"": 1, ""displayName"": ""GROUP 6 METALS LIMITED"", ""issueType"": ""CS"", ""issueTypeName"": ""Common Stock"", ""issueTypeCode"": 1, ""isin"": ""AU0000188021"", ""xidEntity"": 204150649}]","[""G6M"", """"]"
G6M,204150649,2924-02648075-2A1439911,2023-03-27T05:45:17.000Z,Notification regarding unquoted securities - G6M,23KB,false,G6M,,"[""Appendix 3G""]","[{""symbolDisplay"": ""G6M""}]","[{""symbol"": ""G6M"", ""xid"": ""142754"", ""ASXSecurityType"": 1, ""displayName"": ""GROUP 6 METALS LIMITED"", ""issueType"": ""CS"", ""issueTypeName"": ""Common Stock"", ""issueTypeCode"": 1, ""isin"": ""AU0000188021"", ""xidEntity"": 204150649}]","[""G6M"", """"]"
G6M,204150649,2924-02648074-2A1439910,2023-03-27T05:44:12.000Z,Application for quotation of securities - G6M,25KB,false,G6M,,"[""Appendix 2A""]","[{""symbolDisplay"": ""G6M""}]","[{""symbol"": ""G6M"", ""xid"": ""142754"", ""ASXSecurityType"": 1, ""displayName"": ""GROUP 6 METALS LIMITED"", ""issueType"": ""CS"", ""issueTypeName"": ""Common Stock"", ""issueTypeCode"": 1, ""isin"": ""AU0000188021"", ""xidEntity"": 204150649}]","[""G6M"", """"]"
G6M,204150649,2924-02647442-2A1439547,2023-03-24T00:51:47.000Z,Investor Presentation- Retraction,3407KB,false,G6M,,"[""Company Presentation""]","[{""symbolDisplay"": ""G6M""}]","[{""symbol"": ""G6M"", ""xid"": ""142754"", ""ASXSecurityType"": 1, ""displayName"": ""GROUP 6 METALS LIMITED"", ""issueType"": ""CS"", ""issueTypeName"": ""Common Stock"", ""issueTypeCode"": 1, ""isin"": ""AU0000188021"", ""xidEntity"": 204150649}]","[""G6M"", """"]"
G6M,204150649,2924-02647012-2A1439328,2023-03-23T01:44:55.000Z,Tasmanian Government $2M Grant for Upgrading Power Supply,209KB,true,G6M,,"[""Periodic Reports - Other"", ""Progress Report""]","[{""symbolDisplay"": ""G6M""}]","[{""symbol"": ""G6M"", ""xid"": ""142754"", ""ASXSecurityType"": 1, ""displayName"": ""GROUP 6 METALS LIMITED"", ""issueType"": ""CS"", ""issueTypeName"": ""Common Stock"", ""issueTypeCode"": 1, ""isin"": ""AU0000188021"", ""xidEntity"": 204150649}]","[""G6M"", """"]"
G6M,204150649,2924-02646985-2A1439311,2023-03-23T00:29:00.000Z,"Investor Presentation- Ord Minnett East Coast Mining, Mar 23",4550KB,false,G6M,,"[""Company Presentation""]","[{""symbolDisplay"": ""G6M""}]","[{""symbol"": ""G6M"", ""xid"": ""142754"", ""ASXSecurityType"": 1, ""displayName"": ""GROUP 6 METALS LIMITED"", ""issueType"": ""CS"", ""issueTypeName"": ""Common Stock"", ""issueTypeCode"": 1, ""isin"": ""AU0000188021"", ""xidEntity"": 204150649}]","[""G6M"", """"]"
G6M,204150649,2924-02644195-2A1437855,2023-03-15T09:03:59.000Z,Interim Financial Statements 31 December 2022,697KB,false,G6M,,"[""Top 20 shareholders"", ""Half Year Audit Review"", ""Half Year Directors' Statement"", ""Half Year Accounts"", ""Half Year Directors' Report""]","[{""symbolDisplay"": ""G6M""}]","[{""symbol"": ""G6M"", ""xid"": ""142754"", ""ASXSecurityType"": 1, ""displayName"": ""GROUP 6 METALS LIMITED"", ""issueType"": ""CS"", ""issueTypeName"": ""Common Stock"", ""issueTypeCode"": 1, ""isin"": ""AU0000188021"", ""xidEntity"": 204150649}]","[""G6M"", """"]"
G6M,204150649,2924-02636787-2A1433539,2023-02-26T23:17:23.000Z,Investigator 24 Drilling Progress Report KI 111,1468KB,true,G6M,,"[""Progress Report""]","[{""symbolDisplay"": ""G6M""}]","[{""symbol"": ""G6M"", ""xid"": ""142754"", ""ASXSecurityType"": 1, ""displayName"": ""GROUP 6 METALS LIMITED"", ""issueType"": ""CS"", ""issueTypeName"": ""Common Stock"", ""issueTypeCode"": 1, ""isin"": ""AU0000188021"", ""xidEntity"": 204150649}]","[""G6M"", """"]"
G6M,204150649,2924-02636042-2A1433195,2023-02-24T01:27:26.000Z,Cleansing Notice- Placement,247KB,false,G6M,,"[""Placement"", ""Cleansing Notice""]","[{""symbolDisplay"": ""G6M""}]","[{""symbol"": ""G6M"", ""xid"": ""142754"", ""ASXSecurityType"": 1, ""displayName"": ""GROUP 6 METALS LIMITED"", ""issueType"": ""CS"", ""issueTypeName"": ""Common Stock"", ""issueTypeCode"": 1, ""isin"": ""AU0000188021"", ""xidEntity"": 204150649}]","[""G6M"", """"]"
G6M,204150649,2924-02636036-2A1433190,2023-02-24T01:19:51.000Z,Application for quotation of securities - G6M,24KB,false,G6M,,"[""Appendix 2A""]","[{""symbolDisplay"": ""G6M""}]","[{""symbol"": ""G6M"", ""xid"": ""142754"", ""ASXSecurityType"": 1, ""displayName"": ""GROUP 6 METALS LIMITED"", ""issueType"": ""CS"", ""issueTypeName"": ""Common Stock"", ""issueTypeCode"": 1, ""isin"": ""AU0000188021"", ""xidEntity"": 204150649}]","[""G6M"", """"]"
G6M,204150649,2924-02634646-2A1432435,2023-02-22T05:49:19.000Z,Proposed issue of securities - G6M,24KB,false,G6M,,"[""Appendix 3B (Proposed issue of securities)""]","[{""symbolDisplay"": ""G6M""}]","[{""symbol"": ""G6M"", ""xid"": ""142754"", ""ASXSecurityType"": 1, ""displayName"": ""GROUP 6 METALS LIMITED"", ""issueType"": ""CS"", ""issueTypeName"": ""Common Stock"", ""issueTypeCode"": 1, ""isin"": ""AU0000188021"", ""xidEntity"": 204150649}]","[""G6M"", """"]"
G6M,204150649,2924-02634635-2A1432422,2023-02-22T05:37:04.000Z,Notification regarding unquoted securities - G6M,27KB,false,G6M,,"[""Appendix 3G""]","[{""symbolDisplay"": ""G6M""}]","[{""symbol"": ""G6M"", ""xid"": ""142754"", ""ASXSecurityType"": 1, ""displayName"": ""GROUP 6 METALS LIMITED"", ""issueType"": ""CS"", ""issueTypeName"": ""Common Stock"", ""issueTypeCode"": 1, ""isin"": ""AU0000188021"", ""xidEntity"": 204150649}]","[""G6M"", """"]"
G6M,204150649,2924-02634632-2A1432420,2023-02-22T05:33:44.000Z,Application for quotation of securities - G6M,24KB,false,G6M,,"[""Appendix 2A""]","[{""symbolDisplay"": ""G6M""}]","[{""symbol"": ""G6M"", ""xid"": ""142754"", ""ASXSecurityType"": 1, ""displayName"": ""GROUP 6 METALS LIMITED"", ""issueType"": ""CS"", ""issueTypeName"": ""Common Stock"", ""issueTypeCode"": 1, ""isin"": ""AU0000188021"", ""xidEntity"": 204150649}]","[""G6M"", """"]"
G6M,204150649,2924-02634599-2A1432402,2023-02-22T04:47:43.000Z,Notification regarding unquoted securities - G6M,28KB,false,G6M,,"[""Appendix 3G""]","[{""symbolDisplay"": ""G6M""}]","[{""symbol"": ""G6M"", ""xid"": ""142754"", ""ASXSecurityType"": 1, ""displayName"": ""GROUP 6 METALS LIMITED"", ""issueType"": ""CS"", ""issueTypeName"": ""Common Stock"", ""issueTypeCode"": 1, ""isin"": ""AU0000188021"", ""xidEntity"": 204150649}]","[""G6M"", """"]"
G6M,204150649,2924-02634595-2A1432400,2023-02-22T04:43:43.000Z,Application for quotation of securities - G6M,24KB,false,G6M,,"[""Appendix 2A""]","[{""symbolDisplay"": ""G6M""}]","[{""symbol"": ""G6M"", ""xid"": ""142754"", ""ASXSecurityType"": 1, ""displayName"": ""GROUP 6 METALS LIMITED"", ""issueType"": ""CS"", ""issueTypeName"": ""Common Stock"", ""issueTypeCode"": 1, ""isin"": ""AU0000188021"", ""xidEntity"": 204150649}]","[""G6M"", """"]"
G6M,204150649,2924-02634495-2A1432338,2023-02-22T00:32:42.000Z,G6M RAISES $4.5M VIA SHARE PURCHASE PLAN,227KB,true,G6M,,"[""Issued Capital - Other"", ""Security Purchase Plan""]","[{""symbolDisplay"": ""G6M""}]","[{""symbol"": ""G6M"", ""xid"": ""142754"", ""ASXSecurityType"": 1, ""displayName"": ""GROUP 6 METALS LIMITED"", ""issueType"": ""CS"", ""issueTypeName"": ""Common Stock"", ""issueTypeCode"": 1, ""isin"": ""AU0000188021"", ""xidEntity"": 204150649}]","[""G6M"", """"]"
G6M,204150649,2924-02633280-2A1431679,2023-02-20T00:32:54.000Z,Group 6 Metals Appoints Michael Zannes as CFO,230KB,false,G6M,,"[""Company Administration - Other""]","[{""symbolDisplay"": ""G6M""}]","[{""symbol"": ""G6M"", ""xid"": ""142754"", ""ASXSecurityType"": 1, ""displayName"": ""GROUP 6 METALS LIMITED"", ""issueType"": ""CS"", ""issueTypeName"": ""Common Stock"", ""issueTypeCode"": 1, ""isin"": ""AU0000188021"", ""xidEntity"": 204150649}]","[""G6M"", """"]"
G6M,204150649,2924-02626177-2A1427900,2023-01-31T00:03:30.000Z,Quarterly Activities/Appendix 5B Cash Flow Report,2094KB,true,G6M,,"[""Second Quarter Activities Report"", ""Second Quarter Cash Flow Report""]","[{""symbolDisplay"": ""G6M""}]","[{""symbol"": ""G6M"", ""xid"": ""142754"", ""ASXSecurityType"": 1, ""displayName"": ""GROUP 6 METALS LIMITED"", ""issueType"": ""CS"", ""issueTypeName"": ""Common Stock"", ""issueTypeCode"": 1, ""isin"": ""AU0000188021"", ""xidEntity"": 204150649}]","[""G6M"", """"]"
G6M,204150649,2924-02624145-2A1427035,2023-01-25T03:41:22.000Z,Change in substantial holding- Chrysalis,610KB,false,G6M,,"[""Change in substantial holding""]","[{""symbolDisplay"": ""G6M""}]","[{""symbol"": ""G6M"", ""xid"": ""142754"", ""ASXSecurityType"": 1, ""displayName"": ""GROUP 6 METALS LIMITED"", ""issueType"": ""CS"", ""issueTypeName"": ""Common Stock"", ""issueTypeCode"": 1, ""isin"": ""AU0000188021"", ""xidEntity"": 204150649}]","[""G6M"", """"]"
G6M,204150649,2924-02624142-2A1427033,2023-01-25T03:35:12.000Z,Change of Director's Interest Notice- Chris Ellis,219KB,false,G6M,,"[""Change of Director's Interest Notice""]","[{""symbolDisplay"": ""G6M""}]","[{""symbol"": ""G6M"", ""xid"": ""142754"", ""ASXSecurityType"": 1, ""displayName"": ""GROUP 6 METALS LIMITED"", ""issueType"": ""CS"", ""issueTypeName"": ""Common Stock"", ""issueTypeCode"": 1, ""isin"": ""AU0000188021"", ""xidEntity"": 204150649}]","[""G6M"", """"]"
G6M,204150649,2924-02624140-2A1427032,2023-01-25T03:34:12.000Z,Change of Director's Interest Notice- Johann Jacobs,228KB,false,G6M,,"[""Change of Director's Interest Notice""]","[{""symbolDisplay"": ""G6M""}]","[{""symbol"": ""G6M"", ""xid"": ""142754"", ""ASXSecurityType"": 1, ""displayName"": ""GROUP 6 METALS LIMITED"", ""issueType"": ""CS"", ""issueTypeName"": ""Common Stock"", ""issueTypeCode"": 1, ""isin"": ""AU0000188021"", ""xidEntity"": 204150649}]","[""G6M"", """"]"
G6M,204150649,2924-02624139-2A1427031,2023-01-25T03:33:27.000Z,Change of Director's Interest Notice- Keith McKnight,224KB,false,G6M,,"[""Change of Director's Interest Notice""]","[{""symbolDisplay"": ""G6M""}]","[{""symbol"": ""G6M"", ""xid"": ""142754"", ""ASXSecurityType"": 1, ""displayName"": ""GROUP 6 METALS LIMITED"", ""issueType"": ""CS"", ""issueTypeName"": ""Common Stock"", ""issueTypeCode"": 1, ""isin"": ""AU0000188021"", ""xidEntity"": 204150649}]","[""G6M"", """"]"
G6M,204150649,2924-02623716-2A1426840,2023-01-24T05:52:26.000Z,Notification regarding unquoted securities - G6M,24KB,false,G6M,,"[""Appendix 3G""]","[{""symbolDisplay"": ""G6M""}]","[{""symbol"": ""G6M"", ""xid"": ""142754"", ""ASXSecurityType"": 1, ""displayName"": ""GROUP 6 METALS LIMITED"", ""issueType"": ""CS"", ""issueTypeName"": ""Common Stock"", ""issueTypeCode"": 1, ""isin"": ""AU0000188021"", ""xidEntity"": 204150649}]","[""G6M"", """"]"
G6M,204150649,2924-02623714-2A1426838,2023-01-24T05:47:01.000Z,Application for quotation of securities - G6M,25KB,false,G6M,,"[""Appendix 2A""]","[{""symbolDisplay"": ""G6M""}]","[{""symbol"": ""G6M"", ""xid"": ""142754"", ""ASXSecurityType"": 1, ""displayName"": ""GROUP 6 METALS LIMITED"", ""issueType"": ""CS"", ""issueTypeName"": ""Common Stock"", ""issueTypeCode"": 1, ""isin"": ""AU0000188021"", ""xidEntity"": 204150649}]","[""G6M"", """"]"
G6M,204150649,2924-02623189-2A1426594,2023-01-23T00:17:22.000Z,Appendix 3B,668KB,false,G6M,,"[""Appendix 3B (Proposed issue of securities)""]","[{""symbolDisplay"": ""G6M""}]","[{""symbol"": ""G6M"", ""xid"": ""142754"", ""ASXSecurityType"": 1, ""displayName"": ""GROUP 6 METALS LIMITED"", ""issueType"": ""CS"", ""issueTypeName"": ""Common Stock"", ""issueTypeCode"": 1, ""isin"": ""AU0000188021"", ""xidEntity"": 204150649}]","[""G6M"", """"]"
G6M,204150649,2924-02622882-2A1426463,2023-01-20T05:26:24.000Z,SPP update and release of supplementary prospectus.,860KB,true,G6M,,"[""Disclosure Document"", ""Security Purchase Plan""]","[{""symbolDisplay"": ""G6M""}]","[{""symbol"": ""G6M"", ""xid"": ""142754"", ""ASXSecurityType"": 1, ""displayName"": ""GROUP 6 METALS LIMITED"", ""issueType"": ""CS"", ""issueTypeName"": ""Common Stock"", ""issueTypeCode"": 1, ""isin"": ""AU0000188021"", ""xidEntity"": 204150649}]","[""G6M"", """"]"
G6M,204150649,2924-02621811-2A1425967,2023-01-17T03:26:19.000Z,Results of Meeting,233KB,false,G6M,,"[""Results of Meeting""]","[{""symbolDisplay"": ""G6M""}]","[{""symbol"": ""G6M"", ""xid"": ""142754"", ""ASXSecurityType"": 1, ""displayName"": ""GROUP 6 METALS LIMITED"", ""issueType"": ""CS"", ""issueTypeName"": ""Common Stock"", ""issueTypeCode"": 1, ""isin"": ""AU0000188021"", ""xidEntity"": 204150649}]","[""G6M"", """"]"
G6M,204150649,2924-02621349-2A1425702,2023-01-16T00:13:58.000Z,Dolphin Tungsten Mine Update,206KB,true,G6M,,"[""Progress Report"", ""Security Purchase Plan""]","[{""symbolDisplay"": ""G6M""}]","[{""symbol"": ""G6M"", ""xid"": ""142754"", ""ASXSecurityType"": 1, ""displayName"": ""GROUP 6 METALS LIMITED"", ""issueType"": ""CS"", ""issueTypeName"": ""Common Stock"", ""issueTypeCode"": 1, ""isin"": ""AU0000188021"", ""xidEntity"": 204150649}]","[""G6M"", """"]"
G6M,204150649,2924-02618413-2A1423682,2023-01-03T22:57:00.000Z,Recommencement of Regional Exploration Drilling,848KB,false,G6M,,"[""Progress Report""]","[{""symbolDisplay"": ""G6M""}]","[{""symbol"": ""G6M"", ""xid"": ""142754"", ""ASXSecurityType"": 1, ""displayName"": ""GROUP 6 METALS LIMITED"", ""issueType"": ""CS"", ""issueTypeName"": ""Common Stock"", ""issueTypeCode"": 1, ""isin"": ""AU0000188021"", ""xidEntity"": 204150649}]","[""G6M"", """"]"
G6M,204150649,2924-02614644-2A1421358,2022-12-19T22:11:44.000Z,Dolphin Tungsten Mine Development Update,1279KB,true,G6M,,"[""Progress Report""]","[{""symbolDisplay"": ""G6M""}]","[{""symbol"": ""G6M"", ""xid"": ""142754"", ""ASXSecurityType"": 1, ""displayName"": ""GROUP 6 METALS LIMITED"", ""issueType"": ""CS"", ""issueTypeName"": ""Common Stock"", ""issueTypeCode"": 1, ""isin"": ""AU0000188021"", ""xidEntity"": 204150649}]","[""G6M"", """"]"
G6M,204150649,2924-02613448-2A1420803,2022-12-15T22:46:27.000Z,Notice of Extraordinary General Meeting/Proxy Form,948KB,false,G6M,,"[""Notice of Extraordinary General Meeting"", ""Proxy Form""]","[{""symbolDisplay"": ""G6M""}]","[{""symbol"": ""G6M"", ""xid"": ""142754"", ""ASXSecurityType"": 1, ""displayName"": ""GROUP 6 METALS LIMITED"", ""issueType"": ""CS"", ""issueTypeName"": ""Common Stock"", ""issueTypeCode"": 1, ""isin"": ""AU0000188021"", ""xidEntity"": 204150649}]","[""G6M"", """"]"
G6M,204150649,2924-02611880-2A1420117,2022-12-13T02:37:03.000Z,Share Purchase Plan- Prospectus,824KB,true,G6M,,"[""Issued Capital - Other"", ""Disclosure Document"", ""Security Purchase Plan""]","[{""symbolDisplay"": ""G6M""}]","[{""symbol"": ""G6M"", ""xid"": ""142754"", ""ASXSecurityType"": 1, ""displayName"": ""GROUP 6 METALS LIMITED"", ""issueType"": ""CS"", ""issueTypeName"": ""Common Stock"", ""issueTypeCode"": 1, ""isin"": ""AU0000188021"", ""xidEntity"": 204150649}]","[""G6M"", """"]"
G6M,204150649,2924-02611874-2A1420116,2022-12-13T02:24:18.000Z,Cleansing Notice- Share Purchase Plan,225KB,false,G6M,,"[""Cleansing Notice""]","[{""symbolDisplay"": ""G6M""}]","[{""symbol"": ""G6M"", ""xid"": ""142754"", ""ASXSecurityType"": 1, ""displayName"": ""GROUP 6 METALS LIMITED"", ""issueType"": ""CS"", ""issueTypeName"": ""Common Stock"", ""issueTypeCode"": 1, ""isin"": ""AU0000188021"", ""xidEntity"": 204150649}]","[""G6M"", """"]"
G6M,204150649,2924-02611531-2A1419951,2022-12-12T07:38:13.000Z,Change in substantial holding - Chadwick,2678KB,false,G6M,,"[""Change in substantial holding""]","[{""symbolDisplay"": ""G6M""}]","[{""symbol"": ""G6M"", ""xid"": ""142754"", ""ASXSecurityType"": 1, ""displayName"": ""GROUP 6 METALS LIMITED"", ""issueType"": ""CS"", ""issueTypeName"": ""Common Stock"", ""issueTypeCode"": 1, ""isin"": ""AU0000188021"", ""xidEntity"": 204150649}]","[""G6M"", """"]"
G6M,204150649,2924-02610940-2A1419663,2022-12-09T06:55:32.000Z,Change in substantial holding - Chrysalis,591KB,false,G6M,,"[""Change in substantial holding""]","[{""symbolDisplay"": ""G6M""}]","[{""symbol"": ""G6M"", ""xid"": ""142754"", ""ASXSecurityType"": 1, ""displayName"": ""GROUP 6 METALS LIMITED"", ""issueType"": ""CS"", ""issueTypeName"": ""Common Stock"", ""issueTypeCode"": 1, ""isin"": ""AU0000188021"", ""xidEntity"": 204150649}]","[""G6M"", """"]"
G6M,204150649,2924-02610936-2A1419658,2022-12-09T06:52:52.000Z,Cleansing Notice - Exercise of Options,247KB,false,G6M,,"[""Cleansing Notice""]","[{""symbolDisplay"": ""G6M""}]","[{""symbol"": ""G6M"", ""xid"": ""142754"", ""ASXSecurityType"": 1, ""displayName"": ""GROUP 6 METALS LIMITED"", ""issueType"": ""CS"", ""issueTypeName"": ""Common Stock"", ""issueTypeCode"": 1, ""isin"": ""AU0000188021"", ""xidEntity"": 204150649}]","[""G6M"", """"]"
G6M,204150649,2924-02610935-2A1419656,2022-12-09T06:52:37.000Z,Change of Director's Interest Notice- Chris Ellis,317KB,false,G6M,,"[""Change of Director's Interest Notice""]","[{""symbolDisplay"": ""G6M""}]","[{""symbol"": ""G6M"", ""xid"": ""142754"", ""ASXSecurityType"": 1, ""displayName"": ""GROUP 6 METALS LIMITED"", ""issueType"": ""CS"", ""issueTypeName"": ""Common Stock"", ""issueTypeCode"": 1, ""isin"": ""AU0000188021"", ""xidEntity"": 204150649}]","[""G6M"", """"]"
G6M,204150649,2924-02610928-2A1419653,2022-12-09T06:47:07.000Z,Application for quotation of securities - G6M,27KB,false,G6M,,"[""Appendix 2A""]","[{""symbolDisplay"": ""G6M""}]","[{""symbol"": ""G6M"", ""xid"": ""142754"", ""ASXSecurityType"": 1, ""displayName"": ""GROUP 6 METALS LIMITED"", ""issueType"": ""CS"", ""issueTypeName"": ""Common Stock"", ""issueTypeCode"": 1, ""isin"": ""AU0000188021"", ""xidEntity"": 204150649}]","[""G6M"", """"]"
G6M,204150649,2924-02610296-2A1419336,2022-12-08T06:46:51.000Z,Cleansing Notice- Placement,246KB,false,G6M,,"[""Cleansing Notice""]","[{""symbolDisplay"": ""G6M""}]","[{""symbol"": ""G6M"", ""xid"": ""142754"", ""ASXSecurityType"": 1, ""displayName"": ""GROUP 6 METALS LIMITED"", ""issueType"": ""CS"", ""issueTypeName"": ""Common Stock"", ""issueTypeCode"": 1, ""isin"": ""AU0000188021"", ""xidEntity"": 204150649}]","[""G6M"", """"]"
G6M,204150649,2924-02610295-2A1419335,2022-12-08T06:45:56.000Z,Application for quotation of securities - G6M,25KB,false,G6M,,"[""Appendix 2A""]","[{""symbolDisplay"": ""G6M""}]","[{""symbol"": ""G6M"", ""xid"": ""142754"", ""ASXSecurityType"": 1, ""displayName"": ""GROUP 6 METALS LIMITED"", ""issueType"": ""CS"", ""issueTypeName"": ""Common Stock"", ""issueTypeCode"": 1, ""isin"": ""AU0000188021"", ""xidEntity"": 204150649}]","[""G6M"", """"]"
G6M,204150649,2924-02609533-2A1418966,2022-12-07T01:38:03.000Z,Cleansing Notice- Exercise of Options,247KB,false,G6M,,"[""Cleansing Notice""]","[{""symbolDisplay"": ""G6M""}]","[{""symbol"": ""G6M"", ""xid"": ""142754"", ""ASXSecurityType"": 1, ""displayName"": ""GROUP 6 METALS LIMITED"", ""issueType"": ""CS"", ""issueTypeName"": ""Common Stock"", ""issueTypeCode"": 1, ""isin"": ""AU0000188021"", ""xidEntity"": 204150649}]","[""G6M"", """"]"
G6M,204150649,2924-02609531-2A1418964,2022-12-07T01:35:23.000Z,Change of Director's Interest Notice- Johann Jacobs,336KB,false,G6M,,"[""Change of Director's Interest Notice""]","[{""symbolDisplay"": ""G6M""}]","[{""symbol"": ""G6M"", ""xid"": ""142754"", ""ASXSecurityType"": 1, ""displayName"": ""GROUP 6 METALS LIMITED"", ""issueType"": ""CS"", ""issueTypeName"": ""Common Stock"", ""issueTypeCode"": 1, ""isin"": ""AU0000188021"", ""xidEntity"": 204150649}]","[""G6M"", """"]"
G6M,204150649,2924-02609529-2A1418963,2022-12-07T01:32:03.000Z,Application for quotation of securities - G6M,25KB,false,G6M,,"[""Appendix 2A""]","[{""symbolDisplay"": ""G6M""}]","[{""symbol"": ""G6M"", ""xid"": ""142754"", ""ASXSecurityType"": 1, ""displayName"": ""GROUP 6 METALS LIMITED"", ""issueType"": ""CS"", ""issueTypeName"": ""Common Stock"", ""issueTypeCode"": 1, ""isin"": ""AU0000188021"", ""xidEntity"": 204150649}]","[""G6M"", """"]"
G6M,204150649,2924-02607516-2A1417943,2022-12-01T22:32:02.000Z,Cleansing Notice- Placement,246KB,false,G6M,,"[""Cleansing Notice""]","[{""symbolDisplay"": ""G6M""}]","[{""symbol"": ""G6M"", ""xid"": ""142754"", ""ASXSecurityType"": 1, ""displayName"": ""GROUP 6 METALS LIMITED"", ""issueType"": ""CS"", ""issueTypeName"": ""Common Stock"", ""issueTypeCode"": 1, ""isin"": ""AU0000188021"", ""xidEntity"": 204150649}]","[""G6M"", """"]"
G6M,204150649,2924-02607508-2A1417935,2022-12-01T22:29:16.000Z,Application for quotation of securities - G6M,25KB,false,G6M,,"[""Appendix 2A""]","[{""symbolDisplay"": ""G6M""}]","[{""symbol"": ""G6M"", ""xid"": ""142754"", ""ASXSecurityType"": 1, ""displayName"": ""GROUP 6 METALS LIMITED"", ""issueType"": ""CS"", ""issueTypeName"": ""Common Stock"", ""issueTypeCode"": 1, ""isin"": ""AU0000188021"", ""xidEntity"": 204150649}]","[""G6M"", """"]"
G6M,204150649,2924-02604305-2A1416493,2022-11-27T23:09:34.000Z,Proposed issue of securities - G6M,50KB,false,G6M,,"[""Appendix 3B (Proposed issue of securities)""]","[{""symbolDisplay"": ""G6M""}]","[{""symbol"": ""G6M"", ""xid"": ""142754"", ""ASXSecurityType"": 1, ""displayName"": ""GROUP 6 METALS LIMITED"", ""issueType"": ""CS"", ""issueTypeName"": ""Common Stock"", ""issueTypeCode"": 1, ""isin"": ""AU0000188021"", ""xidEntity"": 204150649}]","[""G6M"", """"]"
G6M,204150649,2924-02604304-2A1416487,2022-11-27T23:09:19.000Z,Successful $20m Placement to Fund DTM into Production,280KB,true,G6M,,"[""Placement"", ""Trading Halt Lifted"", ""Security Purchase Plan""]","[{""symbolDisplay"": ""G6M""}]","[{""symbol"": ""G6M"", ""xid"": ""142754"", ""ASXSecurityType"": 1, ""displayName"": ""GROUP 6 METALS LIMITED"", ""issueType"": ""CS"", ""issueTypeName"": ""Common Stock"", ""issueTypeCode"": 1, ""isin"": ""AU0000188021"", ""xidEntity"": 204150649}]","[""G6M"", """"]"
G6M,204150649,2924-02602532-2A1415723,2022-11-23T22:01:20.000Z,Trading Halt,606KB,true,G6M,,"[""Trading Halt""]","[{""symbolDisplay"": ""G6M""}]","[{""symbol"": ""G6M"", ""xid"": ""142754"", ""ASXSecurityType"": 1, ""displayName"": ""GROUP 6 METALS LIMITED"", ""issueType"": ""CS"", ""issueTypeName"": ""Common Stock"", ""issueTypeCode"": 1, ""isin"": ""AU0000188021"", ""xidEntity"": 204150649}]","[""G6M"", """"]"
G6M,204150649,2924-02598919-2A1414077,2022-11-16T03:56:36.000Z,Results of Meeting,344KB,false,G6M,,"[""Results of Meeting""]","[{""symbolDisplay"": ""G6M""}]","[{""symbol"": ""G6M"", ""xid"": ""142754"", ""ASXSecurityType"": 1, ""displayName"": ""GROUP 6 METALS LIMITED"", ""issueType"": ""CS"", ""issueTypeName"": ""Common Stock"", ""issueTypeCode"": 1, ""isin"": ""AU0000188021"", ""xidEntity"": 204150649}]","[""G6M"", """"]"
G6M,204150649,2924-02593619-2A1411200,2022-11-03T03:03:12.000Z,Investor Presentation- IMARC November 2022,4915KB,false,G6M,,"[""Company Presentation""]","[{""symbolDisplay"": ""G6M""}]","[{""symbol"": ""G6M"", ""xid"": ""142754"", ""ASXSecurityType"": 1, ""displayName"": ""GROUP 6 METALS LIMITED"", ""issueType"": ""CS"", ""issueTypeName"": ""Common Stock"", ""issueTypeCode"": 1, ""isin"": ""AU0000188021"", ""xidEntity"": 204150649}]","[""G6M"", """"]"
G6M,204150649,2924-02591113-2A1409864,2022-10-30T22:26:55.000Z,Updated Project Economics- More Robust Returns Forecast,334KB,true,G6M,,"[""Progress Report""]","[{""symbolDisplay"": ""G6M""}]","[{""symbol"": ""G6M"", ""xid"": ""142754"", ""ASXSecurityType"": 1, ""displayName"": ""GROUP 6 METALS LIMITED"", ""issueType"": ""CS"", ""issueTypeName"": ""Common Stock"", ""issueTypeCode"": 1, ""isin"": ""AU0000188021"", ""xidEntity"": 204150649}]","[""G6M"", """"]"
G6M,204150649,2924-02591102-2A1409859,2022-10-30T22:25:10.000Z,Quarterly Activities and Cashflow Reports to 30 Sept 2022,1793KB,true,G6M,,"[""First Quarter Activities Report"", ""First Quarter Cash Flow Report""]","[{""symbolDisplay"": ""G6M""}]","[{""symbol"": ""G6M"", ""xid"": ""142754"", ""ASXSecurityType"": 1, ""displayName"": ""GROUP 6 METALS LIMITED"", ""issueType"": ""CS"", ""issueTypeName"": ""Common Stock"", ""issueTypeCode"": 1, ""isin"": ""AU0000188021"", ""xidEntity"": 204150649}]","[""G6M"", """"]"
G6M,204150649,2924-02582352-2A1405998,2022-10-13T23:17:58.000Z,Notice of Annual General Meeting/Proxy Form,811KB,false,G6M,,"[""Notice of Annual General Meeting"", ""Proxy Form""]","[{""symbolDisplay"": ""G6M""}]","[{""symbol"": ""G6M"", ""xid"": ""142754"", ""ASXSecurityType"": 1, ""displayName"": ""GROUP 6 METALS LIMITED"", ""issueType"": ""CS"", ""issueTypeName"": ""Common Stock"", ""issueTypeCode"": 1, ""isin"": ""AU0000188021"", ""xidEntity"": 204150649}]","[""G6M"", """"]"
G6M,204150649,2924-02578671-2A1404020,2022-10-06T00:24:45.000Z,Dolphin Tungsten Mine Development Update,1640KB,true,G6M,,"[""Progress Report""]","[{""symbolDisplay"": ""G6M""}]","[{""symbol"": ""G6M"", ""xid"": ""142754"", ""ASXSecurityType"": 1, ""displayName"": ""GROUP 6 METALS LIMITED"", ""issueType"": ""CS"", ""issueTypeName"": ""Common Stock"", ""issueTypeCode"": 1, ""isin"": ""AU0000188021"", ""xidEntity"": 204150649}]","[""G6M"", """"]"
G6M,204150649,2924-02568827-2A1398806,2022-09-15T22:28:21.000Z,2022 Appendix 4G and Corporate Governance Statement,587KB,false,G6M,,"[""Corporate Governance"", ""Appendix 4G""]","[{""symbolDisplay"": ""G6M""}]","[{""symbol"": ""G6M"", ""xid"": ""142754"", ""ASXSecurityType"": 1, ""displayName"": ""GROUP 6 METALS LIMITED"", ""issueType"": ""CS"", ""issueTypeName"": ""Common Stock"", ""issueTypeCode"": 1, ""isin"": ""AU0000188021"", ""xidEntity"": 204150649}]","[""G6M"", """"]"
G6M,204150649,2924-02568822-2A1398803,2022-09-15T22:27:37.000Z,Annual Report 2022,1309KB,false,G6M,,"[""Annual Report"", ""Top 20 shareholders"", ""Full Year Accounts"", ""Full Year Audit Review"", ""Full Year Directors' Statement"", ""Full Year Directors' Report"", ""Notice of Meeting - Other""]","[{""symbolDisplay"": ""G6M""}]","[{""symbol"": ""G6M"", ""xid"": ""142754"", ""ASXSecurityType"": 1, ""displayName"": ""GROUP 6 METALS LIMITED"", ""issueType"": ""CS"", ""issueTypeName"": ""Common Stock"", ""issueTypeCode"": 1, ""isin"": ""AU0000188021"", ""xidEntity"": 204150649}]","[""G6M"", """"]"
G6M,204150649,2924-02565390-2A1397199,2022-09-07T06:08:26.000Z,Initial Director's Interest Notice McKnight,205KB,false,G6M,,"[""Initial Director's Interest Notice""]","[{""symbolDisplay"": ""G6M""}]","[{""symbol"": ""G6M"", ""xid"": ""142754"", ""ASXSecurityType"": 1, ""displayName"": ""GROUP 6 METALS LIMITED"", ""issueType"": ""CS"", ""issueTypeName"": ""Common Stock"", ""issueTypeCode"": 1, ""isin"": ""AU0000188021"", ""xidEntity"": 204150649}]","[""G6M"", """"]"
G6M,204150649,2924-02561786-2A1395158,2022-08-30T23:55:34.000Z,G6M appoints CEO Keith McKnight as Managing Director,228KB,true,G6M,,"[""Director Appointment/Resignation""]","[{""symbolDisplay"": ""G6M""}]","[{""symbol"": ""G6M"", ""xid"": ""142754"", ""ASXSecurityType"": 1, ""displayName"": ""GROUP 6 METALS LIMITED"", ""issueType"": ""CS"", ""issueTypeName"": ""Common Stock"", ""issueTypeCode"": 1, ""isin"": ""AU0000188021"", ""xidEntity"": 204150649}]","[""G6M"", """"]"
G6M,204150649,2924-02558335-2A1393468,2022-08-25T01:30:21.000Z,Dolphin Tungsten MIne Development Update,1871KB,true,G6M,,"[""Progress Report""]","[{""symbolDisplay"": ""G6M""}]","[{""symbol"": ""G6M"", ""xid"": ""142754"", ""ASXSecurityType"": 1, ""displayName"": ""GROUP 6 METALS LIMITED"", ""issueType"": ""CS"", ""issueTypeName"": ""Common Stock"", ""issueTypeCode"": 1, ""isin"": ""AU0000188021"", ""xidEntity"": 204150649}]","[""G6M"", """"]"
G6M,204150649,2924-02549443-2A1388708,2022-08-03T01:09:19.000Z,Group 6 Metals Awarded EDGI Grant,1184KB,false,G6M,,"[""Periodic Reports - Other"", ""Progress Report""]","[{""symbolDisplay"": ""G6M""}]","[{""symbol"": ""G6M"", ""xid"": ""142754"", ""ASXSecurityType"": 1, ""displayName"": ""GROUP 6 METALS LIMITED"", ""issueType"": ""CS"", ""issueTypeName"": ""Common Stock"", ""issueTypeCode"": 1, ""isin"": ""AU0000188021"", ""xidEntity"": 204150649}]","[""G6M"", """"]"
G6M,204150649,2924-02546356-2A1387324,2022-07-27T22:59:41.000Z,Quarterly Activities and Cash Flow Reports to 30 June 2022,1195KB,true,G6M,,"[""Fourth Quarter Activities Report"", ""Fourth Quarter Cash Flow Report""]","[{""symbolDisplay"": ""G6M""}]","[{""symbol"": ""G6M"", ""xid"": ""142754"", ""ASXSecurityType"": 1, ""displayName"": ""GROUP 6 METALS LIMITED"", ""issueType"": ""CS"", ""issueTypeName"": ""Common Stock"", ""issueTypeCode"": 1, ""isin"": ""AU0000188021"", ""xidEntity"": 204150649}]","[""G6M"", """"]"
G6M,204150649,2924-02543328-2A1386000,2022-07-19T02:13:22.000Z,NWR Webinar Dolphin Operations Update July 2022,1605KB,false,G6M,,"[""Company Presentation""]","[{""symbolDisplay"": ""G6M""}]","[{""symbol"": ""G6M"", ""xid"": ""142754"", ""ASXSecurityType"": 1, ""displayName"": ""GROUP 6 METALS LIMITED"", ""issueType"": ""CS"", ""issueTypeName"": ""Common Stock"", ""issueTypeCode"": 1, ""isin"": ""AU0000188021"", ""xidEntity"": 204150649}]","[""G6M"", """"]"
G6M,204150649,2924-02541486-2A1385047,2022-07-12T22:48:28.000Z,Investor Webinar,158KB,false,G6M,,"[""Web Cast""]","[{""symbolDisplay"": ""G6M""}]","[{""symbol"": ""G6M"", ""xid"": ""142754"", ""ASXSecurityType"": 1, ""displayName"": ""GROUP 6 METALS LIMITED"", ""issueType"": ""CS"", ""issueTypeName"": ""Common Stock"", ""issueTypeCode"": 1, ""isin"": ""AU0000188021"", ""xidEntity"": 204150649}]","[""G6M"", """"]"
G6M,204150649,2924-02539263-2A1383792,2022-07-06T00:23:29.000Z,Dolphin Tungsten Mine Development Update,1190KB,true,G6M,,"[""Progress Report""]","[{""symbolDisplay"": ""G6M""}]","[{""symbol"": ""G6M"", ""xid"": ""142754"", ""ASXSecurityType"": 1, ""displayName"": ""GROUP 6 METALS LIMITED"", ""issueType"": ""CS"", ""issueTypeName"": ""Common Stock"", ""issueTypeCode"": 1, ""isin"": ""AU0000188021"", ""xidEntity"": 204150649}]","[""G6M"", """"]"
G6M,204150649,2924-02533627-2A1380203,2022-06-21T02:22:47.000Z,G6M on track for first concentrate production in Q1 2023,1069KB,true,G6M,,"[""Progress Report""]","[{""symbolDisplay"": ""G6M""}]","[{""symbol"": ""G6M"", ""xid"": ""142754"", ""ASXSecurityType"": 1, ""displayName"": ""GROUP 6 METALS LIMITED"", ""issueType"": ""CS"", ""issueTypeName"": ""Common Stock"", ""issueTypeCode"": 1, ""isin"": ""AU0000188021"", ""xidEntity"": 204150649}]","[""G6M"", """"]"
G6M,204150649,2924-02524907-2A1375644,2022-05-25T01:39:29.000Z,G6M & UTAS Announce Critical Minerals Research Collaboration,269KB,false,G6M,,"[""Progress Report""]","[{""symbolDisplay"": ""G6M""}]","[{""symbol"": ""G6M"", ""xid"": ""142754"", ""ASXSecurityType"": 1, ""displayName"": ""GROUP 6 METALS LIMITED"", ""issueType"": ""CS"", ""issueTypeName"": ""Common Stock"", ""issueTypeCode"": 1, ""isin"": ""AU0000188021"", ""xidEntity"": 204150649}]","[""G6M"", """"]"
G6M,204150649,2924-02523844-2A1375069,2022-05-22T23:40:54.000Z,Change to Company's Securities Trading Policy,382KB,false,G6M,,"[""Trading Policy""]","[{""symbolDisplay"": ""G6M""}]","[{""symbol"": ""G6M"", ""xid"": ""142754"", ""ASXSecurityType"": 1, ""displayName"": ""GROUP 6 METALS LIMITED"", ""issueType"": ""CS"", ""issueTypeName"": ""Common Stock"", ""issueTypeCode"": 1, ""isin"": ""AU0000188021"", ""xidEntity"": 204150649}]","[""G6M"", """"]"
G6M,204150649,2924-02520590-2A1373480,2022-05-11T01:10:43.000Z,Activity in shares following ABC Four Corners program,231KB,false,G6M,,"[""Company Administration - Other""]","[{""symbolDisplay"": ""G6M""}]","[{""symbol"": ""G6M"", ""xid"": ""142754"", ""ASXSecurityType"": 1, ""displayName"": ""GROUP 6 METALS LIMITED"", ""issueType"": ""CS"", ""issueTypeName"": ""Common Stock"", ""issueTypeCode"": 1, ""isin"": ""AU0000188021"", ""xidEntity"": 204150649}]","[""G6M"", """"]"
G6M,204150649,2924-02517573-2A1371845,2022-05-03T01:07:20.000Z,RIU Sydney Resources Round-Up Investor Presentation,3409KB,true,G6M,,"[""Company Presentation""]","[{""symbolDisplay"": ""G6M""}]","[{""symbol"": ""G6M"", ""xid"": ""142754"", ""ASXSecurityType"": 1, ""displayName"": ""GROUP 6 METALS LIMITED"", ""issueType"": ""CS"", ""issueTypeName"": ""Common Stock"", ""issueTypeCode"": 1, ""isin"": ""AU0000188021"", ""xidEntity"": 204150649}]","[""G6M"", """"]"
G6M,204150649,2924-02513805-2A1370345,2022-04-26T22:31:45.000Z,Quarterly Activities and Cash Flow Report to 31 March 2022,1086KB,true,G6M,,"[""Third Quarter Activities Report"", ""Third Quarter Cash Flow Report""]","[{""symbolDisplay"": ""G6M""}]","[{""symbol"": ""G6M"", ""xid"": ""142754"", ""ASXSecurityType"": 1, ""displayName"": ""GROUP 6 METALS LIMITED"", ""issueType"": ""CS"", ""issueTypeName"": ""Common Stock"", ""issueTypeCode"": 1, ""isin"": ""AU0000188021"", ""xidEntity"": 204150649}]","[""G6M"", """"]"
G6M,204150649,2924-02504334-2A1365586,2022-03-29T22:51:00.000Z,G6M Investor Presentation NWR Virtual Conference March 2022,3064KB,false,G6M,,"[""Company Presentation""]","[{""symbolDisplay"": ""G6M""}]","[{""symbol"": ""G6M"", ""xid"": ""142754"", ""ASXSecurityType"": 1, ""displayName"": ""GROUP 6 METALS LIMITED"", ""issueType"": ""CS"", ""issueTypeName"": ""Common Stock"", ""issueTypeCode"": 1, ""isin"": ""AU0000188021"", ""xidEntity"": 204150649}]","[""G6M"", """"]"
G6M,204150649,2924-02501854-2A1364346,2022-03-22T21:56:15.000Z,G6M to present at NWR Near Term Producers Virtual Conference,157KB,false,G6M,,"[""Web Cast""]","[{""symbolDisplay"": ""G6M""}]","[{""symbol"": ""G6M"", ""xid"": ""142754"", ""ASXSecurityType"": 1, ""displayName"": ""GROUP 6 METALS LIMITED"", ""issueType"": ""CS"", ""issueTypeName"": ""Common Stock"", ""issueTypeCode"": 1, ""isin"": ""AU0000188021"", ""xidEntity"": 204150649}]","[""G6M"", """"]"
G6M,204150649,2924-02499403-2A1363234,2022-03-15T07:06:48.000Z,Interim Financial Statements 31 December 2021,770KB,true,G6M,,"[""Half Yearly Report"", ""Half Year Audit Review"", ""Half Year Directors' Statement"", ""Half Year Accounts"", ""Half Year Directors' Report""]","[{""symbolDisplay"": ""G6M""}]","[{""symbol"": ""G6M"", ""xid"": ""142754"", ""ASXSecurityType"": 1, ""displayName"": ""GROUP 6 METALS LIMITED"", ""issueType"": ""CS"", ""issueTypeName"": ""Common Stock"", ""issueTypeCode"": 1, ""isin"": ""AU0000188021"", ""xidEntity"": 204150649}]","[""G6M"", """"]"
G6M,204150649,2924-02494086-2A1360382,2022-03-01T01:04:39.000Z,Company Secretary Appointment/Resignation,156KB,false,G6M,,"[""Company Secretary Appointment/Resignation""]","[{""symbolDisplay"": ""G6M""}]","[{""symbol"": ""G6M"", ""xid"": ""142754"", ""ASXSecurityType"": 1, ""displayName"": ""GROUP 6 METALS LIMITED"", ""issueType"": ""CS"", ""issueTypeName"": ""Common Stock"", ""issueTypeCode"": 1, ""isin"": ""AU0000188021"", ""xidEntity"": 204150649}]","[""G6M"", """"]"
G6M,204150649,2924-02490344-2A1358500,2022-02-22T23:26:23.000Z,Dolphin Tungsten Mine ESG Commitment,242KB,false,G6M,,"[""Progress Report"", ""Company Administration - Other""]","[{""symbolDisplay"": ""G6M""}]","[{""symbol"": ""G6M"", ""xid"": ""142754"", ""ASXSecurityType"": 1, ""displayName"": ""GROUP 6 METALS LIMITED"", ""issueType"": ""CS"", ""issueTypeName"": ""Common Stock"", ""issueTypeCode"": 1, ""isin"": ""AU0000188021"", ""xidEntity"": 204150649}]","[""G6M"", """"]"
G6M,204150649,2924-02481066-2A1353710,2022-01-31T00:17:11.000Z,Group 6 Metals Appoints Megan McPherson as CFO,214KB,false,G6M,,"[""Company Administration - Other""]","[{""symbolDisplay"": ""G6M""}]","[{""symbol"": ""G6M"", ""xid"": ""142754"", ""ASXSecurityType"": 1, ""displayName"": ""GROUP 6 METALS LIMITED"", ""issueType"": ""CS"", ""issueTypeName"": ""Common Stock"", ""issueTypeCode"": 1, ""isin"": ""AU0000188021"", ""xidEntity"": 204150649}]","[""G6M"", """"]"
G6M,204150649,2924-02479391-2A1352992,2022-01-27T01:03:11.000Z,Construction Commences on Site at Dolphin Tungsten Mine,441KB,false,G6M,,"[""Progress Report""]","[{""symbolDisplay"": ""G6M""}]","[{""symbol"": ""G6M"", ""xid"": ""142754"", ""ASXSecurityType"": 1, ""displayName"": ""GROUP 6 METALS LIMITED"", ""issueType"": ""CS"", ""issueTypeName"": ""Common Stock"", ""issueTypeCode"": 1, ""isin"": ""AU0000188021"", ""xidEntity"": 204150649}]","[""G6M"", """"]"
G6M,204150649,2924-02478796-2A1352776,2022-01-25T01:56:01.000Z,Quarterly Activities and Cash Flow Reports 31 December 2021,835KB,true,G6M,,"[""Second Quarter Activities Report"", ""Second Quarter Cash Flow Report""]","[{""symbolDisplay"": ""G6M""}]","[{""symbol"": ""G6M"", ""xid"": ""142754"", ""ASXSecurityType"": 1, ""displayName"": ""GROUP 6 METALS LIMITED"", ""issueType"": ""CS"", ""issueTypeName"": ""Common Stock"", ""issueTypeCode"": 1, ""isin"": ""AU0000188021"", ""xidEntity"": 204150649}]","[""G6M"", """"]"
G6M,204150649,2924-02478234-2A1352507,2022-01-23T22:47:28.000Z,Group 6 Metals Appoints Keith McKnight as CEO,211KB,true,G6M,,"[""Director Appointment/Resignation""]","[{""symbolDisplay"": ""G6M""}]","[{""symbol"": ""G6M"", ""xid"": ""142754"", ""ASXSecurityType"": 1, ""displayName"": ""GROUP 6 METALS LIMITED"", ""issueType"": ""CS"", ""issueTypeName"": ""Common Stock"", ""issueTypeCode"": 1, ""isin"": ""AU0000188021"", ""xidEntity"": 204150649}]","[""G6M"", """"]"
G6M,204150649,2924-02476896-2A1351900,2022-01-18T23:14:01.000Z,Dolphin Tungsten Mine Project Update and Overview,307KB,true,G6M,,"[""Progress Report""]","[{""symbolDisplay"": ""G6M""}]","[{""symbol"": ""G6M"", ""xid"": ""142754"", ""ASXSecurityType"": 1, ""displayName"": ""GROUP 6 METALS LIMITED"", ""issueType"": ""CS"", ""issueTypeName"": ""Common Stock"", ""issueTypeCode"": 1, ""isin"": ""AU0000188021"", ""xidEntity"": 204150649}]","[""G6M"", """"]"
G6M,204150649,2924-02469708-2A1347579,2021-12-21T00:57:24.000Z,Cleansing Notice - Placement,156KB,false,G6M,,"[""Cleansing Notice""]","[{""symbolDisplay"": ""G6M""}]","[{""symbol"": ""G6M"", ""xid"": ""142754"", ""ASXSecurityType"": 1, ""displayName"": ""GROUP 6 METALS LIMITED"", ""issueType"": ""CS"", ""issueTypeName"": ""Common Stock"", ""issueTypeCode"": 1, ""isin"": ""AU0000188021"", ""xidEntity"": 204150649}]","[""G6M"", """"]"
G6M,204150649,2924-02469700-2A1347574,2021-12-21T00:50:19.000Z,Application for quotation of securities - G6M,24KB,false,G6M,,"[""Appendix 2A""]","[{""symbolDisplay"": ""G6M""}]","[{""symbol"": ""G6M"", ""xid"": ""142754"", ""ASXSecurityType"": 1, ""displayName"": ""GROUP 6 METALS LIMITED"", ""issueType"": ""CS"", ""issueTypeName"": ""Common Stock"", ""issueTypeCode"": 1, ""isin"": ""AU0000188021"", ""xidEntity"": 204150649}]","[""G6M"", """"]"
G6M,204150649,2924-02469345-2A1347408,2021-12-20T07:00:34.000Z,Proposed issue of securities - G6M,24KB,false,G6M,,"[""Appendix 3B (Proposed issue of securities)""]","[{""symbolDisplay"": ""G6M""}]","[{""symbol"": ""G6M"", ""xid"": ""142754"", ""ASXSecurityType"": 1, ""displayName"": ""GROUP 6 METALS LIMITED"", ""issueType"": ""CS"", ""issueTypeName"": ""Common Stock"", ""issueTypeCode"": 1, ""isin"": ""AU0000188021"", ""xidEntity"": 204150649}]","[""G6M"", """"]"
G6M,204150649,2924-02461591-2A1343241,2021-12-02T03:04:41.000Z,Tasmanian Government Grant for Upgrading Power Supply,156KB,true,G6M,,"[""Progress Report""]","[{""symbolDisplay"": ""G6M""}]","[{""symbol"": ""G6M"", ""xid"": ""142754"", ""ASXSecurityType"": 1, ""displayName"": ""GROUP 6 METALS LIMITED"", ""issueType"": ""CS"", ""issueTypeName"": ""Common Stock"", ""issueTypeCode"": 1, ""isin"": ""AU0000188021"", ""xidEntity"": 204150649}]","[""G6M"", """"]"
G6M,204150649,2924-02461050-2A1342979,2021-12-01T05:44:24.000Z,Change of Director's Interest Notice Ellis,170KB,false,G6M,,"[""Change of Director's Interest Notice""]","[{""symbolDisplay"": ""G6M""}]","[{""symbol"": ""G6M"", ""xid"": ""142754"", ""ASXSecurityType"": 1, ""displayName"": ""GROUP 6 METALS LIMITED"", ""issueType"": ""CS"", ""issueTypeName"": ""Common Stock"", ""issueTypeCode"": 1, ""isin"": ""AU0000188021"", ""xidEntity"": 204150649}]","[""G6M"", """"]"
G6M,204150649,2924-02461044-2A1342973,2021-12-01T05:41:20.000Z,Change of Director's Interest Notice Ellis Amended,174KB,false,G6M,,"[""Change of Director's Interest Notice""]","[{""symbolDisplay"": ""G6M""}]","[{""symbol"": ""G6M"", ""xid"": ""142754"", ""ASXSecurityType"": 1, ""displayName"": ""GROUP 6 METALS LIMITED"", ""issueType"": ""CS"", ""issueTypeName"": ""Common Stock"", ""issueTypeCode"": 1, ""isin"": ""AU0000188021"", ""xidEntity"": 204150649}]","[""G6M"", """"]"
G6M,204150649,2924-02461032-2A1342959,2021-12-01T05:34:45.000Z,Change of Director's Interest Notice Jacobs Amended,352KB,false,G6M,,"[""Change of Director's Interest Notice""]","[{""symbolDisplay"": ""G6M""}]","[{""symbol"": ""G6M"", ""xid"": ""142754"", ""ASXSecurityType"": 1, ""displayName"": ""GROUP 6 METALS LIMITED"", ""issueType"": ""CS"", ""issueTypeName"": ""Common Stock"", ""issueTypeCode"": 1, ""isin"": ""AU0000188021"", ""xidEntity"": 204150649}]","[""G6M"", """"]"
G6M,204150649,2924-02459932-2A1342444,2021-11-30T01:03:26.000Z,Change in substantial holding D.A.CH.S. Capital AG,614KB,false,G6M,,"[""Change in substantial holding""]","[{""symbolDisplay"": ""G6M""}]","[{""symbol"": ""G6M"", ""xid"": ""142754"", ""ASXSecurityType"": 1, ""displayName"": ""GROUP 6 METALS LIMITED"", ""issueType"": ""CS"", ""issueTypeName"": ""Common Stock"", ""issueTypeCode"": 1, ""isin"": ""AU0000188021"", ""xidEntity"": 204150649}]","[""G6M"", """"]"
G6M,204150649,2924-02459361-2A1342191,2021-11-29T05:44:56.000Z,Change of Director's Interest Notice Jacobs,823KB,false,G6M,,"[""Change of Director's Interest Notice""]","[{""symbolDisplay"": ""G6M""}]","[{""symbol"": ""G6M"", ""xid"": ""142754"", ""ASXSecurityType"": 1, ""displayName"": ""GROUP 6 METALS LIMITED"", ""issueType"": ""CS"", ""issueTypeName"": ""Common Stock"", ""issueTypeCode"": 1, ""isin"": ""AU0000188021"", ""xidEntity"": 204150649}]","[""G6M"", """"]"
G6M,204150649,2924-02459346-2A1342181,2021-11-29T05:38:36.000Z,Change in substantial holding Chadwick,683KB,false,G6M,,"[""Change in substantial holding""]","[{""symbolDisplay"": ""G6M""}]","[{""symbol"": ""G6M"", ""xid"": ""142754"", ""ASXSecurityType"": 1, ""displayName"": ""GROUP 6 METALS LIMITED"", ""issueType"": ""CS"", ""issueTypeName"": ""Common Stock"", ""issueTypeCode"": 1, ""isin"": ""AU0000188021"", ""xidEntity"": 204150649}]","[""G6M"", """"]"
G6M,204150649,2924-02459327-2A1342168,2021-11-29T05:29:06.000Z,Cleansing Notice - Placement,361KB,false,G6M,,"[""Cleansing Notice""]","[{""symbolDisplay"": ""G6M""}]","[{""symbol"": ""G6M"", ""xid"": ""142754"", ""ASXSecurityType"": 1, ""displayName"": ""GROUP 6 METALS LIMITED"", ""issueType"": ""CS"", ""issueTypeName"": ""Common Stock"", ""issueTypeCode"": 1, ""isin"": ""AU0000188021"", ""xidEntity"": 204150649}]","[""G6M"", """"]"
G6M,204150649,2924-02459306-2A1342161,2021-11-29T05:13:41.000Z,Application for quotation of securities - G6M,24KB,false,G6M,,"[""Appendix 2A""]","[{""symbolDisplay"": ""G6M""}]","[{""symbol"": ""G6M"", ""xid"": ""142754"", ""ASXSecurityType"": 1, ""displayName"": ""GROUP 6 METALS LIMITED"", ""issueType"": ""CS"", ""issueTypeName"": ""Common Stock"", ""issueTypeCode"": 1, ""isin"": ""AU0000188021"", ""xidEntity"": 204150649}]","[""G6M"", """"]"
G6M,204150649,2924-02456642-2A1340963,2021-11-23T22:30:35.000Z,Processing Plant Construction Contract Executed with Gekko,358KB,true,G6M,,"[""Progress Report""]","[{""symbolDisplay"": ""G6M""}]","[{""symbol"": ""G6M"", ""xid"": ""142754"", ""ASXSecurityType"": 1, ""displayName"": ""GROUP 6 METALS LIMITED"", ""issueType"": ""CS"", ""issueTypeName"": ""Common Stock"", ""issueTypeCode"": 1, ""isin"": ""AU0000188021"", ""xidEntity"": 204150649}]","[""G6M"", """"]"
G6M,204150649,2924-02455158-2A1340145,2021-11-21T21:32:30.000Z,Appendix 3G,315KB,false,G6M,,"[""Appendix 3G""]","[{""symbolDisplay"": ""G6M""}]","[{""symbol"": ""G6M"", ""xid"": ""142754"", ""ASXSecurityType"": 1, ""displayName"": ""GROUP 6 METALS LIMITED"", ""issueType"": ""CS"", ""issueTypeName"": ""Common Stock"", ""issueTypeCode"": 1, ""isin"": ""AU0000188021"", ""xidEntity"": 204150649}]","[""G6M"", """"]"
G6M,204150649,2924-02454324-2A1339862,2021-11-18T06:13:10.000Z,Change of Director's Interest Notice Jacobs,276KB,false,G6M,,"[""Change of Director's Interest Notice""]","[{""symbolDisplay"": ""G6M""}]","[{""symbol"": ""G6M"", ""xid"": ""142754"", ""ASXSecurityType"": 1, ""displayName"": ""GROUP 6 METALS LIMITED"", ""issueType"": ""CS"", ""issueTypeName"": ""Common Stock"", ""issueTypeCode"": 1, ""isin"": ""AU0000188021"", ""xidEntity"": 204150649}]","[""G6M"", """"]"
G6M,204150649,2924-02454170-2A1339781,2021-11-18T02:51:09.000Z,Change of Director's Interest Notice Ellis,171KB,false,G6M,,"[""Change of Director's Interest Notice""]","[{""symbolDisplay"": ""G6M""}]","[{""symbol"": ""G6M"", ""xid"": ""142754"", ""ASXSecurityType"": 1, ""displayName"": ""GROUP 6 METALS LIMITED"", ""issueType"": ""CS"", ""issueTypeName"": ""Common Stock"", ""issueTypeCode"": 1, ""isin"": ""AU0000188021"", ""xidEntity"": 204150649}]","[""G6M"", """"]"
G6M,204150649,2924-02454169-2A1339780,2021-11-18T02:50:34.000Z,Change in substantial holding Chrysalis,1663KB,false,G6M,,"[""Change in substantial holding""]","[{""symbolDisplay"": ""G6M""}]","[{""symbol"": ""G6M"", ""xid"": ""142754"", ""ASXSecurityType"": 1, ""displayName"": ""GROUP 6 METALS LIMITED"", ""issueType"": ""CS"", ""issueTypeName"": ""Common Stock"", ""issueTypeCode"": 1, ""isin"": ""AU0000188021"", ""xidEntity"": 204150649}]","[""G6M"", """"]"
G6M,204150649,2924-02454136-2A1339767,2021-11-18T01:59:39.000Z,Notification regarding unquoted securities - G6M,27KB,false,G6M,,"[""Appendix 3G""]","[{""symbolDisplay"": ""G6M""}]","[{""symbol"": ""G6M"", ""xid"": ""142754"", ""ASXSecurityType"": 1, ""displayName"": ""GROUP 6 METALS LIMITED"", ""issueType"": ""CS"", ""issueTypeName"": ""Common Stock"", ""issueTypeCode"": 1, ""isin"": ""AU0000188021"", ""xidEntity"": 204150649}]","[""G6M"", """"]"
G6M,204150649,2924-02452722-2A1339118,2021-11-16T00:10:09.000Z,Application for quotation of securities - G6M,24KB,false,G6M,,"[""Appendix 2A""]","[{""symbolDisplay"": ""G6M""}]","[{""symbol"": ""G6M"", ""xid"": ""142754"", ""ASXSecurityType"": 1, ""displayName"": ""GROUP 6 METALS LIMITED"", ""issueType"": ""CS"", ""issueTypeName"": ""Common Stock"", ""issueTypeCode"": 1, ""isin"": ""AU0000188021"", ""xidEntity"": 204150649}]","[""G6M"", """"]"
G6M,204150649,2924-02452717-2A1339112,2021-11-16T00:06:19.000Z,Group 6 Metals Confirms Issue of Share Purchase Plan Shares,59KB,false,G6M,,"[""Security Purchase Plan""]","[{""symbolDisplay"": ""G6M""}]","[{""symbol"": ""G6M"", ""xid"": ""142754"", ""ASXSecurityType"": 1, ""displayName"": ""GROUP 6 METALS LIMITED"", ""issueType"": ""CS"", ""issueTypeName"": ""Common Stock"", ""issueTypeCode"": 1, ""isin"": ""AU0000188021"", ""xidEntity"": 204150649}]","[""G6M"", """"]"
G6M,204150649,2924-02452248-2A1338899,2021-11-15T03:36:38.000Z,ASX Ticker Code Change from KIS to G6M,195KB,false,G6M,,"[""Change of Company Name""]","[{""symbolDisplay"": ""G6M""}]","[{""symbol"": ""G6M"", ""xid"": ""142754"", ""ASXSecurityType"": 1, ""displayName"": ""GROUP 6 METALS LIMITED"", ""issueType"": ""CS"", ""issueTypeName"": ""Common Stock"", ""issueTypeCode"": 1, ""isin"": ""AU0000188021"", ""xidEntity"": 204150649}]","[""G6M"", """"]"
G6M,204150649,2924-02450605-2A1338037,2021-11-10T22:48:12.000Z,KIS Confirms Redevelopment of Dolphin Tungsten Mine,375KB,true,KIS,,"[""Progress Report"", ""Company Administration - Other""]","[{""symbolDisplay"": ""KIS""}]","[{""symbol"": ""G6M"", ""xid"": ""142754"", ""ASXSecurityType"": 1, ""displayName"": ""GROUP 6 METALS LIMITED"", ""issueType"": ""CS"", ""issueTypeName"": ""Common Stock"", ""issueTypeCode"": 1, ""isin"": ""AU0000188021"", ""xidEntity"": 204150649}]","[""KIS"", """"]"
G6M,204150649,2924-02448947-2A1337249,2021-11-08T04:17:58.000Z,Results of Meeting,283KB,false,KIS,,"[""Results of Meeting""]","[{""symbolDisplay"": ""KIS""}]","[{""symbol"": ""G6M"", ""xid"": ""142754"", ""ASXSecurityType"": 1, ""displayName"": ""GROUP 6 METALS LIMITED"", ""issueType"": ""CS"", ""issueTypeName"": ""Common Stock"", ""issueTypeCode"": 1, ""isin"": ""AU0000188021"", ""xidEntity"": 204150649}]","[""KIS"", """"]"
G6M,204150649,2924-02448601-2A1337078,2021-11-07T21:56:01.000Z,$10.2 Million Equipment Financing Facility Approved,316KB,false,KIS,,"[""Debt Facility""]","[{""symbolDisplay"": ""KIS""}]","[{""symbol"": ""G6M"", ""xid"": ""142754"", ""ASXSecurityType"": 1, ""displayName"": ""GROUP 6 METALS LIMITED"", ""issueType"": ""CS"", ""issueTypeName"": ""Common Stock"", ""issueTypeCode"": 1, ""isin"": ""AU0000188021"", ""xidEntity"": 204150649}]","[""KIS"", """"]"
G6M,204150649,2924-02447670-2A1336533,2021-11-04T06:02:25.000Z,Cleansing Notice - Placement,289KB,false,KIS,,"[""Cleansing Notice""]","[{""symbolDisplay"": ""KIS""}]","[{""symbol"": ""G6M"", ""xid"": ""142754"", ""ASXSecurityType"": 1, ""displayName"": ""GROUP 6 METALS LIMITED"", ""issueType"": ""CS"", ""issueTypeName"": ""Common Stock"", ""issueTypeCode"": 1, ""isin"": ""AU0000188021"", ""xidEntity"": 204150649}]","[""KIS"", """"]"
G6M,204150649,2924-02447669-2A1336532,2021-11-04T06:00:30.000Z,Application for quotation of securities - KIS,24KB,false,KIS,,"[""Appendix 2A""]","[{""symbolDisplay"": ""KIS""}]","[{""symbol"": ""G6M"", ""xid"": ""142754"", ""ASXSecurityType"": 1, ""displayName"": ""GROUP 6 METALS LIMITED"", ""issueType"": ""CS"", ""issueTypeName"": ""Common Stock"", ""issueTypeCode"": 1, ""isin"": ""AU0000188021"", ""xidEntity"": 204150649}]","[""KIS"", """"]"
G6M,204150649,2924-02444326-2A1334819,2021-10-28T23:48:55.000Z,Quarterly Activities and Cash Flow Reports September 2021,634KB,true,KIS,,"[""First Quarter Activities Report"", ""First Quarter Cash Flow Report""]","[{""symbolDisplay"": ""KIS""}]","[{""symbol"": ""G6M"", ""xid"": ""142754"", ""ASXSecurityType"": 1, ""displayName"": ""GROUP 6 METALS LIMITED"", ""issueType"": ""CS"", ""issueTypeName"": ""Common Stock"", ""issueTypeCode"": 1, ""isin"": ""AU0000188021"", ""xidEntity"": 204150649}]","[""KIS"", """"]"
G6M,204150649,2924-02438535-2A1332347,2021-10-20T08:15:50.000Z,Share Purchase Plan Timetable Update,251KB,false,KIS,,"[""Security Purchase Plan""]","[{""symbolDisplay"": ""KIS""}]","[{""symbol"": ""G6M"", ""xid"": ""142754"", ""ASXSecurityType"": 1, ""displayName"": ""GROUP 6 METALS LIMITED"", ""issueType"": ""CS"", ""issueTypeName"": ""Common Stock"", ""issueTypeCode"": 1, ""isin"": ""AU0000188021"", ""xidEntity"": 204150649}]","[""KIS"", """"]"
G6M,204150649,2924-02435917-2A1331118,2021-10-14T06:54:44.000Z,Update - Proposed issue of securities - KIS,45KB,false,KIS,,"[""Appendix 3B (Proposed issue of securities)""]","[{""symbolDisplay"": ""KIS""}]","[{""symbol"": ""G6M"", ""xid"": ""142754"", ""ASXSecurityType"": 1, ""displayName"": ""GROUP 6 METALS LIMITED"", ""issueType"": ""CS"", ""issueTypeName"": ""Common Stock"", ""issueTypeCode"": 1, ""isin"": ""AU0000188021"", ""xidEntity"": 204150649}]","[""KIS"", """"]"
G6M,204150649,2924-02435730-2A1331018,2021-10-14T03:39:13.000Z,Cleansing Notice - Placement,291KB,false,KIS,,"[""Cleansing Notice""]","[{""symbolDisplay"": ""KIS""}]","[{""symbol"": ""G6M"", ""xid"": ""142754"", ""ASXSecurityType"": 1, ""displayName"": ""GROUP 6 METALS LIMITED"", ""issueType"": ""CS"", ""issueTypeName"": ""Common Stock"", ""issueTypeCode"": 1, ""isin"": ""AU0000188021"", ""xidEntity"": 204150649}]","[""KIS"", """"]"
G6M,204150649,2924-02435728-2A1331017,2021-10-14T03:35:58.000Z,Application for quotation of securities - KIS,27KB,false,KIS,,"[""Appendix 2A""]","[{""symbolDisplay"": ""KIS""}]","[{""symbol"": ""G6M"", ""xid"": ""142754"", ""ASXSecurityType"": 1, ""displayName"": ""GROUP 6 METALS LIMITED"", ""issueType"": ""CS"", ""issueTypeName"": ""Common Stock"", ""issueTypeCode"": 1, ""isin"": ""AU0000188021"", ""xidEntity"": 204150649}]","[""KIS"", """"]"
G6M,204150649,2924-02434515-2A1330432,2021-10-12T03:32:36.000Z,KIS Investor Presentation NWR Conference October 2021,1686KB,false,KIS,,"[""Company Presentation""]","[{""symbolDisplay"": ""KIS""}]","[{""symbol"": ""G6M"", ""xid"": ""142754"", ""ASXSecurityType"": 1, ""displayName"": ""GROUP 6 METALS LIMITED"", ""issueType"": ""CS"", ""issueTypeName"": ""Common Stock"", ""issueTypeCode"": 1, ""isin"": ""AU0000188021"", ""xidEntity"": 204150649}]","[""KIS"", """"]"
G6M,204150649,2924-02433384-2A1329889,2021-10-08T04:49:05.000Z,KIS to Present at NWR Virtual Resources Series,261KB,false,KIS,,"[""Web Cast""]","[{""symbolDisplay"": ""KIS""}]","[{""symbol"": ""G6M"", ""xid"": ""142754"", ""ASXSecurityType"": 1, ""displayName"": ""GROUP 6 METALS LIMITED"", ""issueType"": ""CS"", ""issueTypeName"": ""Common Stock"", ""issueTypeCode"": 1, ""isin"": ""AU0000188021"", ""xidEntity"": 204150649}]","[""KIS"", """"]"
G6M,204150649,2924-02433362-2A1329880,2021-10-08T04:36:05.000Z,Notice of Annual General Meeting/Proxy Form,3083KB,false,KIS,,"[""Web Cast"", ""Notice of Annual General Meeting"", ""Proxy Form""]","[{""symbolDisplay"": ""KIS""}]","[{""symbol"": ""G6M"", ""xid"": ""142754"", ""ASXSecurityType"": 1, ""displayName"": ""GROUP 6 METALS LIMITED"", ""issueType"": ""CS"", ""issueTypeName"": ""Common Stock"", ""issueTypeCode"": 1, ""isin"": ""AU0000188021"", ""xidEntity"": 204150649}]","[""KIS"", """"]"
G6M,204150649,2924-02432262-2A1329289,2021-10-06T07:19:15.000Z,Update - Proposed issue of securities - KIS,45KB,false,KIS,,"[""Appendix 3B (Proposed issue of securities)""]","[{""symbolDisplay"": ""KIS""}]","[{""symbol"": ""G6M"", ""xid"": ""142754"", ""ASXSecurityType"": 1, ""displayName"": ""GROUP 6 METALS LIMITED"", ""issueType"": ""CS"", ""issueTypeName"": ""Common Stock"", ""issueTypeCode"": 1, ""isin"": ""AU0000188021"", ""xidEntity"": 204150649}]","[""KIS"", """"]"
G6M,204150649,2924-02430841-2A1328381,2021-10-04T05:32:03.000Z,Share Purchase Plan Offer Booklet,774KB,false,KIS,,"[""Security Purchase Plan""]","[{""symbolDisplay"": ""KIS""}]","[{""symbol"": ""G6M"", ""xid"": ""142754"", ""ASXSecurityType"": 1, ""displayName"": ""GROUP 6 METALS LIMITED"", ""issueType"": ""CS"", ""issueTypeName"": ""Common Stock"", ""issueTypeCode"": 1, ""isin"": ""AU0000188021"", ""xidEntity"": 204150649}]","[""KIS"", """"]"
G6M,204150649,2924-02430839-2A1328380,2021-10-04T05:29:23.000Z,Cleansing Notice - Share Purchase Plan,282KB,false,KIS,,"[""Security Purchase Plan"", ""Cleansing Notice""]","[{""symbolDisplay"": ""KIS""}]","[{""symbol"": ""G6M"", ""xid"": ""142754"", ""ASXSecurityType"": 1, ""displayName"": ""GROUP 6 METALS LIMITED"", ""issueType"": ""CS"", ""issueTypeName"": ""Common Stock"", ""issueTypeCode"": 1, ""isin"": ""AU0000188021"", ""xidEntity"": 204150649}]","[""KIS"", """"]"
G6M,204150649,2924-02430587-2A1328252,2021-10-03T22:11:26.000Z,Proposed issue of securities - KIS,46KB,false,KIS,,"[""Appendix 3B (Proposed issue of securities)""]","[{""symbolDisplay"": ""KIS""}]","[{""symbol"": ""G6M"", ""xid"": ""142754"", ""ASXSecurityType"": 1, ""displayName"": ""GROUP 6 METALS LIMITED"", ""issueType"": ""CS"", ""issueTypeName"": ""Common Stock"", ""issueTypeCode"": 1, ""isin"": ""AU0000188021"", ""xidEntity"": 204150649}]","[""KIS"", """"]"
G6M,204150649,2924-02430586-2A1328251,2021-10-03T22:11:16.000Z,Dolphin Project Equity Raising Presentation October 2021,1826KB,true,KIS,,"[""Company Presentation"", ""Placement"", ""Security Purchase Plan""]","[{""symbolDisplay"": ""KIS""}]","[{""symbol"": ""G6M"", ""xid"": ""142754"", ""ASXSecurityType"": 1, ""displayName"": ""GROUP 6 METALS LIMITED"", ""issueType"": ""CS"", ""issueTypeName"": ""Common Stock"", ""issueTypeCode"": 1, ""isin"": ""AU0000188021"", ""xidEntity"": 204150649}]","[""KIS"", """"]"
G6M,204150649,2924-02430585-2A1328250,2021-10-03T22:11:11.000Z,KIS Successfully Completes $31M Equity Raising,421KB,true,KIS,,"[""Placement"", ""Trading Halt Lifted"", ""Security Purchase Plan""]","[{""symbolDisplay"": ""KIS""}]","[{""symbol"": ""G6M"", ""xid"": ""142754"", ""ASXSecurityType"": 1, ""displayName"": ""GROUP 6 METALS LIMITED"", ""issueType"": ""CS"", ""issueTypeName"": ""Common Stock"", ""issueTypeCode"": 1, ""isin"": ""AU0000188021"", ""xidEntity"": 204150649}]","[""KIS"", """"]"
G6M,204150649,2924-02429797-2A1327717,2021-09-30T23:06:43.000Z,Trading Halt,282KB,true,KIS,,"[""Trading Halt""]","[{""symbolDisplay"": ""KIS""}]","[{""symbol"": ""G6M"", ""xid"": ""142754"", ""ASXSecurityType"": 1, ""displayName"": ""GROUP 6 METALS LIMITED"", ""issueType"": ""CS"", ""issueTypeName"": ""Common Stock"", ""issueTypeCode"": 1, ""isin"": ""AU0000188021"", ""xidEntity"": 204150649}]","[""KIS"", """"]"
G6M,204150649,2924-02420674-2A1323017,2021-09-13T01:50:20.000Z,Investor Presentation September 2021,1704KB,false,KIS,,"[""Company Presentation""]","[{""symbolDisplay"": ""KIS""}]","[{""symbol"": ""G6M"", ""xid"": ""142754"", ""ASXSecurityType"": 1, ""displayName"": ""GROUP 6 METALS LIMITED"", ""issueType"": ""CS"", ""issueTypeName"": ""Common Stock"", ""issueTypeCode"": 1, ""isin"": ""AU0000188021"", ""xidEntity"": 204150649}]","[""KIS"", """"]"
G6M,204150649,2924-02420556-2A1322963,2021-09-12T23:30:14.000Z,New Tungsten Offtake Agreement with the Traxys Group,343KB,false,KIS,,"[""Progress Report""]","[{""symbolDisplay"": ""KIS""}]","[{""symbol"": ""G6M"", ""xid"": ""142754"", ""ASXSecurityType"": 1, ""displayName"": ""GROUP 6 METALS LIMITED"", ""issueType"": ""CS"", ""issueTypeName"": ""Common Stock"", ""issueTypeCode"": 1, ""isin"": ""AU0000188021"", ""xidEntity"": 204150649}]","[""KIS"", """"]"
G6M,204150649,2924-02418805-2A1322074,2021-09-07T08:11:50.000Z,Notification regarding unquoted securities - KIS,35KB,false,KIS,,"[""Appendix 3G""]","[{""symbolDisplay"": ""KIS""}]","[{""symbol"": ""G6M"", ""xid"": ""142754"", ""ASXSecurityType"": 1, ""displayName"": ""GROUP 6 METALS LIMITED"", ""issueType"": ""CS"", ""issueTypeName"": ""Common Stock"", ""issueTypeCode"": 1, ""isin"": ""AU0000188021"", ""xidEntity"": 204150649}]","[""KIS"", """"]"
G6M,204150649,2924-02417899-2A1321498,2021-09-05T23:14:09.000Z,Additional $33 Million Debt Funding - Dolphin Redevelopment,385KB,true,KIS,,"[""Debt Facility""]","[{""symbolDisplay"": ""KIS""}]","[{""symbol"": ""G6M"", ""xid"": ""142754"", ""ASXSecurityType"": 1, ""displayName"": ""GROUP 6 METALS LIMITED"", ""issueType"": ""CS"", ""issueTypeName"": ""Common Stock"", ""issueTypeCode"": 1, ""isin"": ""AU0000188021"", ""xidEntity"": 204150649}]","[""KIS"", """"]"
G6M,204150649,2924-02413457-2A1319154,2021-08-26T23:29:33.000Z,2021 Annual General Meeting Date,205KB,false,KIS,,"[""Notice of Meeting - Other""]","[{""symbolDisplay"": ""KIS""}]","[{""symbol"": ""G6M"", ""xid"": ""142754"", ""ASXSecurityType"": 1, ""displayName"": ""GROUP 6 METALS LIMITED"", ""issueType"": ""CS"", ""issueTypeName"": ""Common Stock"", ""issueTypeCode"": 1, ""isin"": ""AU0000188021"", ""xidEntity"": 204150649}]","[""KIS"", """"]"
G6M,204150649,2924-02407726-2A1315984,2021-08-16T23:44:26.000Z,Dolphin Tungsten Project Commits to Long Lead Time Purchases,326KB,false,KIS,,"[""Progress Report""]","[{""symbolDisplay"": ""KIS""}]","[{""symbol"": ""G6M"", ""xid"": ""142754"", ""ASXSecurityType"": 1, ""displayName"": ""GROUP 6 METALS LIMITED"", ""issueType"": ""CS"", ""issueTypeName"": ""Common Stock"", ""issueTypeCode"": 1, ""isin"": ""AU0000188021"", ""xidEntity"": 204150649}]","[""KIS"", """"]"
G6M,204150649,2924-02406859-2A1315535,2021-08-13T06:22:19.000Z,2021 Appendix 4G and Corporate Governance Statement,735KB,false,KIS,,"[""Corporate Governance"", ""Appendix 4G""]","[{""symbolDisplay"": ""KIS""}]","[{""symbol"": ""G6M"", ""xid"": ""142754"", ""ASXSecurityType"": 1, ""displayName"": ""GROUP 6 METALS LIMITED"", ""issueType"": ""CS"", ""issueTypeName"": ""Common Stock"", ""issueTypeCode"": 1, ""isin"": ""AU0000188021"", ""xidEntity"": 204150649}]","[""KIS"", """"]"
G6M,204150649,2924-02406855-2A1315533,2021-08-13T06:19:33.000Z,Annual Report June 2021,1275KB,false,KIS,,"[""Annual Report"", ""Top 20 shareholders"", ""Full Year Accounts"", ""Full Year Audit Review"", ""Full Year Directors' Statement"", ""Full Year Directors' Report""]","[{""symbolDisplay"": ""KIS""}]","[{""symbol"": ""G6M"", ""xid"": ""142754"", ""ASXSecurityType"": 1, ""displayName"": ""GROUP 6 METALS LIMITED"", ""issueType"": ""CS"", ""issueTypeName"": ""Common Stock"", ""issueTypeCode"": 1, ""isin"": ""AU0000188021"", ""xidEntity"": 204150649}]","[""KIS"", """"]"
G6M,204150649,2924-02405060-2A1314610,2021-08-09T05:50:43.000Z,Appendix 2A,350KB,false,KIS,,"[""Appendix 2A""]","[{""symbolDisplay"": ""KIS""}]","[{""symbol"": ""G6M"", ""xid"": ""142754"", ""ASXSecurityType"": 1, ""displayName"": ""GROUP 6 METALS LIMITED"", ""issueType"": ""CS"", ""issueTypeName"": ""Common Stock"", ""issueTypeCode"": 1, ""isin"": ""AU0000188021"", ""xidEntity"": 204150649}]","[""KIS"", """"]"
G6M,204150649,2924-02405052-2A1314612,2021-08-09T05:20:22.000Z,Cleansing Notice,279KB,false,KIS,,"[""Cleansing Notice""]","[{""symbolDisplay"": ""KIS""}]","[{""symbol"": ""G6M"", ""xid"": ""142754"", ""ASXSecurityType"": 1, ""displayName"": ""GROUP 6 METALS LIMITED"", ""issueType"": ""CS"", ""issueTypeName"": ""Common Stock"", ""issueTypeCode"": 1, ""isin"": ""AU0000188021"", ""xidEntity"": 204150649}]","[""KIS"", """"]"
G6M,204150649,2924-02403997-2A1313977,2021-08-05T01:21:22.000Z,Options Exercise Raises $5.45M,391KB,false,KIS,,"[""Issued Capital - Other""]","[{""symbolDisplay"": ""KIS""}]","[{""symbol"": ""G6M"", ""xid"": ""142754"", ""ASXSecurityType"": 1, ""displayName"": ""GROUP 6 METALS LIMITED"", ""issueType"": ""CS"", ""issueTypeName"": ""Common Stock"", ""issueTypeCode"": 1, ""isin"": ""AU0000188021"", ""xidEntity"": 204150649}]","[""KIS"", """"]"
G6M,204150649,2924-02403592-2A1313751,2021-08-04T02:32:06.000Z,Change of Director's Interest Notice Ellis,172KB,false,KIS,,"[""Change of Director's Interest Notice""]","[{""symbolDisplay"": ""KIS""}]","[{""symbol"": ""G6M"", ""xid"": ""142754"", ""ASXSecurityType"": 1, ""displayName"": ""GROUP 6 METALS LIMITED"", ""issueType"": ""CS"", ""issueTypeName"": ""Common Stock"", ""issueTypeCode"": 1, ""isin"": ""AU0000188021"", ""xidEntity"": 204150649}]","[""KIS"", """"]"
G6M,204150649,2924-02402182-2A1312996,2021-07-30T09:18:26.000Z,Cleansing Notice,278KB,false,KIS,,"[""Cleansing Notice""]","[{""symbolDisplay"": ""KIS""}]","[{""symbol"": ""G6M"", ""xid"": ""142754"", ""ASXSecurityType"": 1, ""displayName"": ""GROUP 6 METALS LIMITED"", ""issueType"": ""CS"", ""issueTypeName"": ""Common Stock"", ""issueTypeCode"": 1, ""isin"": ""AU0000188021"", ""xidEntity"": 204150649}]","[""KIS"", """"]"
G6M,204150649,2924-02402180-2A1312995,2021-07-30T09:18:06.000Z,Application for quotation of securities - KIS,359KB,false,KIS,,"[""Appendix 2A""]","[{""symbolDisplay"": ""KIS""}]","[{""symbol"": ""G6M"", ""xid"": ""142754"", ""ASXSecurityType"": 1, ""displayName"": ""GROUP 6 METALS LIMITED"", ""issueType"": ""CS"", ""issueTypeName"": ""Common Stock"", ""issueTypeCode"": 1, ""isin"": ""AU0000188021"", ""xidEntity"": 204150649}]","[""KIS"", """"]"
G6M,204150649,2924-02400706-2A1312448,2021-07-28T23:50:26.000Z,Quarterly Activities and Cash Flow Reports June 2021,629KB,true,KIS,,"[""Fourth Quarter Activities Report"", ""Fourth Quarter Cash Flow Report""]","[{""symbolDisplay"": ""KIS""}]","[{""symbol"": ""G6M"", ""xid"": ""142754"", ""ASXSecurityType"": 1, ""displayName"": ""GROUP 6 METALS LIMITED"", ""issueType"": ""CS"", ""issueTypeName"": ""Common Stock"", ""issueTypeCode"": 1, ""isin"": ""AU0000188021"", ""xidEntity"": 204150649}]","[""KIS"", """"]"
G6M,204150649,2924-02400313-2A1312296,2021-07-28T08:08:15.000Z,Cleansing Notice,278KB,false,KIS,,"[""Cleansing Notice""]","[{""symbolDisplay"": ""KIS""}]","[{""symbol"": ""G6M"", ""xid"": ""142754"", ""ASXSecurityType"": 1, ""displayName"": ""GROUP 6 METALS LIMITED"", ""issueType"": ""CS"", ""issueTypeName"": ""Common Stock"", ""issueTypeCode"": 1, ""isin"": ""AU0000188021"", ""xidEntity"": 204150649}]","[""KIS"", """"]"
G6M,204150649,2924-02400311-2A1312295,2021-07-28T08:04:20.000Z,Application for quotation of securities - KIS,24KB,false,KIS,,"[""Appendix 2A""]","[{""symbolDisplay"": ""KIS""}]","[{""symbol"": ""G6M"", ""xid"": ""142754"", ""ASXSecurityType"": 1, ""displayName"": ""GROUP 6 METALS LIMITED"", ""issueType"": ""CS"", ""issueTypeName"": ""Common Stock"", ""issueTypeCode"": 1, ""isin"": ""AU0000188021"", ""xidEntity"": 204150649}]","[""KIS"", """"]"
G6M,204150649,2924-02398900-2A1311683,2021-07-25T23:38:08.000Z,Dolphin Tungsten Project Secures Exploration Grant,519KB,false,KIS,,"[""Progress Report""]","[{""symbolDisplay"": ""KIS""}]","[{""symbol"": ""G6M"", ""xid"": ""142754"", ""ASXSecurityType"": 1, ""displayName"": ""GROUP 6 METALS LIMITED"", ""issueType"": ""CS"", ""issueTypeName"": ""Common Stock"", ""issueTypeCode"": 1, ""isin"": ""AU0000188021"", ""xidEntity"": 204150649}]","[""KIS"", """"]"
G6M,204150649,2924-02398101-2A1311251,2021-07-22T05:37:07.000Z,Change of Director's Interest Notice Jacobs,280KB,false,KIS,,"[""Change of Director's Interest Notice""]","[{""symbolDisplay"": ""KIS""}]","[{""symbol"": ""G6M"", ""xid"": ""142754"", ""ASXSecurityType"": 1, ""displayName"": ""GROUP 6 METALS LIMITED"", ""issueType"": ""CS"", ""issueTypeName"": ""Common Stock"", ""issueTypeCode"": 1, ""isin"": ""AU0000188021"", ""xidEntity"": 204150649}]","[""KIS"", """"]"
G6M,204150649,2924-02397732-2A1311089,2021-07-21T08:50:20.000Z,Cleansing Notice,280KB,false,KIS,,"[""Cleansing Notice""]","[{""symbolDisplay"": ""KIS""}]","[{""symbol"": ""G6M"", ""xid"": ""142754"", ""ASXSecurityType"": 1, ""displayName"": ""GROUP 6 METALS LIMITED"", ""issueType"": ""CS"", ""issueTypeName"": ""Common Stock"", ""issueTypeCode"": 1, ""isin"": ""AU0000188021"", ""xidEntity"": 204150649}]","[""KIS"", """"]"
G6M,204150649,2924-02397730-2A1311088,2021-07-21T08:47:45.000Z,Application for quotation of securities - KIS,24KB,false,KIS,,"[""Appendix 2A""]","[{""symbolDisplay"": ""KIS""}]","[{""symbol"": ""G6M"", ""xid"": ""142754"", ""ASXSecurityType"": 1, ""displayName"": ""GROUP 6 METALS LIMITED"", ""issueType"": ""CS"", ""issueTypeName"": ""Common Stock"", ""issueTypeCode"": 1, ""isin"": ""AU0000188021"", ""xidEntity"": 204150649}]","[""KIS"", """"]"
G6M,204150649,2924-02397652-2A1311034,2021-07-21T05:47:24.000Z,Change in substantial holding Chrysalis,975KB,false,KIS,,"[""Change in substantial holding""]","[{""symbolDisplay"": ""KIS""}]","[{""symbol"": ""G6M"", ""xid"": ""142754"", ""ASXSecurityType"": 1, ""displayName"": ""GROUP 6 METALS LIMITED"", ""issueType"": ""CS"", ""issueTypeName"": ""Common Stock"", ""issueTypeCode"": 1, ""isin"": ""AU0000188021"", ""xidEntity"": 204150649}]","[""KIS"", """"]"
G6M,204150649,2924-02396289-2A1310382,2021-07-16T05:54:03.000Z,Cleansing Notice,278KB,false,KIS,,"[""Cleansing Notice""]","[{""symbolDisplay"": ""KIS""}]","[{""symbol"": ""G6M"", ""xid"": ""142754"", ""ASXSecurityType"": 1, ""displayName"": ""GROUP 6 METALS LIMITED"", ""issueType"": ""CS"", ""issueTypeName"": ""Common Stock"", ""issueTypeCode"": 1, ""isin"": ""AU0000188021"", ""xidEntity"": 204150649}]","[""KIS"", """"]"
G6M,204150649,2924-02396287-2A1310380,2021-07-16T05:53:08.000Z,Application for quotation of securities - KIS,26KB,false,KIS,,"[""Appendix 2A""]","[{""symbolDisplay"": ""KIS""}]","[{""symbol"": ""G6M"", ""xid"": ""142754"", ""ASXSecurityType"": 1, ""displayName"": ""GROUP 6 METALS LIMITED"", ""issueType"": ""CS"", ""issueTypeName"": ""Common Stock"", ""issueTypeCode"": 1, ""isin"": ""AU0000188021"", ""xidEntity"": 204150649}]","[""KIS"", """"]"
G6M,204150649,2924-02395500-2A1309942,2021-07-14T08:12:14.000Z,Cleansing Notice,277KB,false,KIS,,"[""Cleansing Notice""]","[{""symbolDisplay"": ""KIS""}]","[{""symbol"": ""G6M"", ""xid"": ""142754"", ""ASXSecurityType"": 1, ""displayName"": ""GROUP 6 METALS LIMITED"", ""issueType"": ""CS"", ""issueTypeName"": ""Common Stock"", ""issueTypeCode"": 1, ""isin"": ""AU0000188021"", ""xidEntity"": 204150649}]","[""KIS"", """"]"
G6M,204150649,2924-02395498-2A1309941,2021-07-14T08:11:24.000Z,Application for quotation of securities - KIS,24KB,false,KIS,,"[""Appendix 2A""]","[{""symbolDisplay"": ""KIS""}]","[{""symbol"": ""G6M"", ""xid"": ""142754"", ""ASXSecurityType"": 1, ""displayName"": ""GROUP 6 METALS LIMITED"", ""issueType"": ""CS"", ""issueTypeName"": ""Common Stock"", ""issueTypeCode"": 1, ""isin"": ""AU0000188021"", ""xidEntity"": 204150649}]","[""KIS"", """"]"
G6M,204150649,2924-02393243-2A1308925,2021-07-07T08:08:54.000Z,Cleansing Notice,279KB,false,KIS,,"[""Cleansing Notice""]","[{""symbolDisplay"": ""KIS""}]","[{""symbol"": ""G6M"", ""xid"": ""142754"", ""ASXSecurityType"": 1, ""displayName"": ""GROUP 6 METALS LIMITED"", ""issueType"": ""CS"", ""issueTypeName"": ""Common Stock"", ""issueTypeCode"": 1, ""isin"": ""AU0000188021"", ""xidEntity"": 204150649}]","[""KIS"", """"]"
G6M,204150649,2924-02393240-2A1308923,2021-07-07T08:08:09.000Z,Application for quotation of securities - KIS,24KB,false,KIS,,"[""Appendix 2A""]","[{""symbolDisplay"": ""KIS""}]","[{""symbol"": ""G6M"", ""xid"": ""142754"", ""ASXSecurityType"": 1, ""displayName"": ""GROUP 6 METALS LIMITED"", ""issueType"": ""CS"", ""issueTypeName"": ""Common Stock"", ""issueTypeCode"": 1, ""isin"": ""AU0000188021"", ""xidEntity"": 204150649}]","[""KIS"", """"]"
G6M,204150649,2924-02390028-2A1306754,2021-06-30T06:57:52.000Z,Cleansing Notice,279KB,false,KIS,,"[""Cleansing Notice""]","[{""symbolDisplay"": ""KIS""}]","[{""symbol"": ""G6M"", ""xid"": ""142754"", ""ASXSecurityType"": 1, ""displayName"": ""GROUP 6 METALS LIMITED"", ""issueType"": ""CS"", ""issueTypeName"": ""Common Stock"", ""issueTypeCode"": 1, ""isin"": ""AU0000188021"", ""xidEntity"": 204150649}]","[""KIS"", """"]"
G6M,204150649,2924-02390027-2A1306753,2021-06-30T06:57:07.000Z,Application for quotation of securities - KIS,24KB,false,KIS,,"[""Appendix 2A""]","[{""symbolDisplay"": ""KIS""}]","[{""symbol"": ""G6M"", ""xid"": ""142754"", ""ASXSecurityType"": 1, ""displayName"": ""GROUP 6 METALS LIMITED"", ""issueType"": ""CS"", ""issueTypeName"": ""Common Stock"", ""issueTypeCode"": 1, ""isin"": ""AU0000188021"", ""xidEntity"": 204150649}]","[""KIS"", """"]"
G6M,204150649,2924-02387402-2A1304982,2021-06-23T07:46:52.000Z,Cleansing Notice,277KB,false,KIS,,"[""Cleansing Notice""]","[{""symbolDisplay"": ""KIS""}]","[{""symbol"": ""G6M"", ""xid"": ""142754"", ""ASXSecurityType"": 1, ""displayName"": ""GROUP 6 METALS LIMITED"", ""issueType"": ""CS"", ""issueTypeName"": ""Common Stock"", ""issueTypeCode"": 1, ""isin"": ""AU0000188021"", ""xidEntity"": 204150649}]","[""KIS"", """"]"
G6M,204150649,2924-02387401-2A1304981,2021-06-23T07:45:07.000Z,Application for quotation of securities - KIS,24KB,false,KIS,,"[""Appendix 2A""]","[{""symbolDisplay"": ""KIS""}]","[{""symbol"": ""G6M"", ""xid"": ""142754"", ""ASXSecurityType"": 1, ""displayName"": ""GROUP 6 METALS LIMITED"", ""issueType"": ""CS"", ""issueTypeName"": ""Common Stock"", ""issueTypeCode"": 1, ""isin"": ""AU0000188021"", ""xidEntity"": 204150649}]","[""KIS"", """"]"
G6M,204150649,2924-02387194-2A1304867,2021-06-23T00:14:50.000Z,Dolphin Tungsten Project Update,373KB,true,KIS,,"[""Progress Report""]","[{""symbolDisplay"": ""KIS""}]","[{""symbol"": ""G6M"", ""xid"": ""142754"", ""ASXSecurityType"": 1, ""displayName"": ""GROUP 6 METALS LIMITED"", ""issueType"": ""CS"", ""issueTypeName"": ""Common Stock"", ""issueTypeCode"": 1, ""isin"": ""AU0000188021"", ""xidEntity"": 204150649}]","[""KIS"", """"]"
G6M,204150649,2924-02386909-2A1304696,2021-06-22T08:01:45.000Z,Reminder Letter to KISO Option Holders,439KB,false,KIS,,"[""Issued Capital - Other"", ""Letter to Shareholders - Other""]","[{""symbolDisplay"": ""KIS""}]","[{""symbol"": ""G6M"", ""xid"": ""142754"", ""ASXSecurityType"": 1, ""displayName"": ""GROUP 6 METALS LIMITED"", ""issueType"": ""CS"", ""issueTypeName"": ""Common Stock"", ""issueTypeCode"": 1, ""isin"": ""AU0000188021"", ""xidEntity"": 204150649}]","[""KIS"", """"]"
G6M,204150649,2924-02383343-2A1302867,2021-06-09T08:29:35.000Z,Cleansing Notice,280KB,false,KIS,,"[""Cleansing Notice""]","[{""symbolDisplay"": ""KIS""}]","[{""symbol"": ""G6M"", ""xid"": ""142754"", ""ASXSecurityType"": 1, ""displayName"": ""GROUP 6 METALS LIMITED"", ""issueType"": ""CS"", ""issueTypeName"": ""Common Stock"", ""issueTypeCode"": 1, ""isin"": ""AU0000188021"", ""xidEntity"": 204150649}]","[""KIS"", """"]"
G6M,204150649,2924-02383342-2A1302866,2021-06-09T08:25:55.000Z,Application for quotation of securities - KIS,24KB,false,KIS,,"[""Appendix 2A""]","[{""symbolDisplay"": ""KIS""}]","[{""symbol"": ""G6M"", ""xid"": ""142754"", ""ASXSecurityType"": 1, ""displayName"": ""GROUP 6 METALS LIMITED"", ""issueType"": ""CS"", ""issueTypeName"": ""Common Stock"", ""issueTypeCode"": 1, ""isin"": ""AU0000188021"", ""xidEntity"": 204150649}]","[""KIS"", """"]"
G6M,204150649,2924-02381130-2A1301563,2021-06-02T07:21:13.000Z,Cleansing Notice,278KB,false,KIS,,"[""Cleansing Notice""]","[{""symbolDisplay"": ""KIS""}]","[{""symbol"": ""G6M"", ""xid"": ""142754"", ""ASXSecurityType"": 1, ""displayName"": ""GROUP 6 METALS LIMITED"", ""issueType"": ""CS"", ""issueTypeName"": ""Common Stock"", ""issueTypeCode"": 1, ""isin"": ""AU0000188021"", ""xidEntity"": 204150649}]","[""KIS"", """"]"
G6M,204150649,2924-02381129-2A1301562,2021-06-02T07:20:38.000Z,Appendix 2A,268KB,false,KIS,,"[""Appendix 2A""]","[{""symbolDisplay"": ""KIS""}]","[{""symbol"": ""G6M"", ""xid"": ""142754"", ""ASXSecurityType"": 1, ""displayName"": ""GROUP 6 METALS LIMITED"", ""issueType"": ""CS"", ""issueTypeName"": ""Common Stock"", ""issueTypeCode"": 1, ""isin"": ""AU0000188021"", ""xidEntity"": 204150649}]","[""KIS"", """"]"
G6M,204150649,2924-02378850-2A1300238,2021-05-27T00:12:26.000Z,Multi Gravity Separators Confirm Results for Dolphin Project,486KB,true,KIS,,"[""Progress Report""]","[{""symbolDisplay"": ""KIS""}]","[{""symbol"": ""G6M"", ""xid"": ""142754"", ""ASXSecurityType"": 1, ""displayName"": ""GROUP 6 METALS LIMITED"", ""issueType"": ""CS"", ""issueTypeName"": ""Common Stock"", ""issueTypeCode"": 1, ""isin"": ""AU0000188021"", ""xidEntity"": 204150649}]","[""KIS"", """"]"
G6M,204150649,2924-02378579-2A1300107,2021-05-26T08:31:11.000Z,Cleansing Notice,277KB,false,KIS,,"[""Cleansing Notice""]","[{""symbolDisplay"": ""KIS""}]","[{""symbol"": ""G6M"", ""xid"": ""142754"", ""ASXSecurityType"": 1, ""displayName"": ""GROUP 6 METALS LIMITED"", ""issueType"": ""CS"", ""issueTypeName"": ""Common Stock"", ""issueTypeCode"": 1, ""isin"": ""AU0000188021"", ""xidEntity"": 204150649}]","[""KIS"", """"]"
G6M,204150649,2924-02378578-2A1300106,2021-05-26T08:30:06.000Z,Appendix 2A,268KB,false,KIS,,"[""Appendix 2A""]","[{""symbolDisplay"": ""KIS""}]","[{""symbol"": ""G6M"", ""xid"": ""142754"", ""ASXSecurityType"": 1, ""displayName"": ""GROUP 6 METALS LIMITED"", ""issueType"": ""CS"", ""issueTypeName"": ""Common Stock"", ""issueTypeCode"": 1, ""isin"": ""AU0000188021"", ""xidEntity"": 204150649}]","[""KIS"", """"]"
G6M,204150649,2924-02375276-2A1298464,2021-05-17T02:09:06.000Z,Cleansing Notice,281KB,false,KIS,,"[""Cleansing Notice""]","[{""symbolDisplay"": ""KIS""}]","[{""symbol"": ""G6M"", ""xid"": ""142754"", ""ASXSecurityType"": 1, ""displayName"": ""GROUP 6 METALS LIMITED"", ""issueType"": ""CS"", ""issueTypeName"": ""Common Stock"", ""issueTypeCode"": 1, ""isin"": ""AU0000188021"", ""xidEntity"": 204150649}]","[""KIS"", """"]"
G6M,204150649,2924-02373599-2A1297615,2021-05-11T02:15:15.000Z,Change in substantial holding Chadwick,715KB,false,KIS,,"[""Change in substantial holding""]","[{""symbolDisplay"": ""KIS""}]","[{""symbol"": ""G6M"", ""xid"": ""142754"", ""ASXSecurityType"": 1, ""displayName"": ""GROUP 6 METALS LIMITED"", ""issueType"": ""CS"", ""issueTypeName"": ""Common Stock"", ""issueTypeCode"": 1, ""isin"": ""AU0000188021"", ""xidEntity"": 204150649}]","[""KIS"", """"]"
G6M,204150649,2924-02373250-2A1297435,2021-05-10T06:49:04.000Z,Appendix 2A,235KB,false,KIS,,"[""Appendix 2A""]","[{""symbolDisplay"": ""KIS""}]","[{""symbol"": ""G6M"", ""xid"": ""142754"", ""ASXSecurityType"": 1, ""displayName"": ""GROUP 6 METALS LIMITED"", ""issueType"": ""CS"", ""issueTypeName"": ""Common Stock"", ""issueTypeCode"": 1, ""isin"": ""AU0000188021"", ""xidEntity"": 204150649}]","[""KIS"", """"]"
G6M,204150649,2924-02371764-2A1296567,2021-05-05T07:41:57.000Z,Cleansing Notice,565KB,false,KIS,,"[""Cleansing Notice""]","[{""symbolDisplay"": ""KIS""}]","[{""symbol"": ""G6M"", ""xid"": ""142754"", ""ASXSecurityType"": 1, ""displayName"": ""GROUP 6 METALS LIMITED"", ""issueType"": ""CS"", ""issueTypeName"": ""Common Stock"", ""issueTypeCode"": 1, ""isin"": ""AU0000188021"", ""xidEntity"": 204150649}]","[""KIS"", """"]"
G6M,204150649,2924-02371763-2A1296566,2021-05-05T07:40:37.000Z,Appendix 2A,234KB,false,KIS,,"[""Appendix 2A""]","[{""symbolDisplay"": ""KIS""}]","[{""symbol"": ""G6M"", ""xid"": ""142754"", ""ASXSecurityType"": 1, ""displayName"": ""GROUP 6 METALS LIMITED"", ""issueType"": ""CS"", ""issueTypeName"": ""Common Stock"", ""issueTypeCode"": 1, ""isin"": ""AU0000188021"", ""xidEntity"": 204150649}]","[""KIS"", """"]"
G6M,204150649,2924-02370607-2A1295899,2021-05-03T01:36:50.000Z,Results of Meeting,585KB,false,KIS,,"[""Results of Meeting""]","[{""symbolDisplay"": ""KIS""}]","[{""symbol"": ""G6M"", ""xid"": ""142754"", ""ASXSecurityType"": 1, ""displayName"": ""GROUP 6 METALS LIMITED"", ""issueType"": ""CS"", ""issueTypeName"": ""Common Stock"", ""issueTypeCode"": 1, ""isin"": ""AU0000188021"", ""xidEntity"": 204150649}]","[""KIS"", """"]"
G6M,204150649,2924-02369810-2A1295530,2021-04-30T04:30:49.000Z,Quarterly Activities and Cash Flow Reports March 2021,685KB,true,KIS,,"[""Third Quarter Activities Report"", ""Third Quarter Cash Flow Report""]","[{""symbolDisplay"": ""KIS""}]","[{""symbol"": ""G6M"", ""xid"": ""142754"", ""ASXSecurityType"": 1, ""displayName"": ""GROUP 6 METALS LIMITED"", ""issueType"": ""CS"", ""issueTypeName"": ""Common Stock"", ""issueTypeCode"": 1, ""isin"": ""AU0000188021"", ""xidEntity"": 204150649}]","[""KIS"", """"]"
G6M,204150649,2924-02363569-2A1292672,2021-04-14T07:01:20.000Z,Cleansing Notice,566KB,false,KIS,,"[""Cleansing Notice""]","[{""symbolDisplay"": ""KIS""}]","[{""symbol"": ""G6M"", ""xid"": ""142754"", ""ASXSecurityType"": 1, ""displayName"": ""GROUP 6 METALS LIMITED"", ""issueType"": ""CS"", ""issueTypeName"": ""Common Stock"", ""issueTypeCode"": 1, ""isin"": ""AU0000188021"", ""xidEntity"": 204150649}]","[""KIS"", """"]"
G6M,204150649,2924-02363568-2A1292671,2021-04-14T07:00:15.000Z,Appendix 2A,234KB,false,KIS,,"[""Appendix 2A""]","[{""symbolDisplay"": ""KIS""}]","[{""symbol"": ""G6M"", ""xid"": ""142754"", ""ASXSecurityType"": 1, ""displayName"": ""GROUP 6 METALS LIMITED"", ""issueType"": ""CS"", ""issueTypeName"": ""Common Stock"", ""issueTypeCode"": 1, ""isin"": ""AU0000188021"", ""xidEntity"": 204150649}]","[""KIS"", """"]"
G6M,204150649,2924-02359633-2A1290378,2021-03-31T07:13:26.000Z,Cleansing Notice,169KB,false,KIS,,"[""Cleansing Notice""]","[{""symbolDisplay"": ""KIS""}]","[{""symbol"": ""G6M"", ""xid"": ""142754"", ""ASXSecurityType"": 1, ""displayName"": ""GROUP 6 METALS LIMITED"", ""issueType"": ""CS"", ""issueTypeName"": ""Common Stock"", ""issueTypeCode"": 1, ""isin"": ""AU0000188021"", ""xidEntity"": 204150649}]","[""KIS"", """"]"
G6M,204150649,2924-02359628-2A1290376,2021-03-31T07:10:11.000Z,Appendix 2A,234KB,false,KIS,,"[""Appendix 2A""]","[{""symbolDisplay"": ""KIS""}]","[{""symbol"": ""G6M"", ""xid"": ""142754"", ""ASXSecurityType"": 1, ""displayName"": ""GROUP 6 METALS LIMITED"", ""issueType"": ""CS"", ""issueTypeName"": ""Common Stock"", ""issueTypeCode"": 1, ""isin"": ""AU0000188021"", ""xidEntity"": 204150649}]","[""KIS"", """"]"
G6M,204150649,2924-02358526-2A1289795,2021-03-29T07:00:55.000Z,Cleansing Notice,169KB,false,KIS,,"[""Cleansing Notice""]","[{""symbolDisplay"": ""KIS""}]","[{""symbol"": ""G6M"", ""xid"": ""142754"", ""ASXSecurityType"": 1, ""displayName"": ""GROUP 6 METALS LIMITED"", ""issueType"": ""CS"", ""issueTypeName"": ""Common Stock"", ""issueTypeCode"": 1, ""isin"": ""AU0000188021"", ""xidEntity"": 204150649}]","[""KIS"", """"]"
G6M,204150649,2924-02358524-2A1289794,2021-03-29T06:58:00.000Z,Appendix 2A,234KB,false,KIS,,"[""Appendix 2A""]","[{""symbolDisplay"": ""KIS""}]","[{""symbol"": ""G6M"", ""xid"": ""142754"", ""ASXSecurityType"": 1, ""displayName"": ""GROUP 6 METALS LIMITED"", ""issueType"": ""CS"", ""issueTypeName"": ""Common Stock"", ""issueTypeCode"": 1, ""isin"": ""AU0000188021"", ""xidEntity"": 204150649}]","[""KIS"", """"]"
G6M,204150649,2924-02358523-2A1289793,2021-03-29T06:57:00.000Z,Notice of General Meeting/Proxy Form,560KB,false,KIS,,"[""Proxy Form"", ""Notice of General Meeting""]","[{""symbolDisplay"": ""KIS""}]","[{""symbol"": ""G6M"", ""xid"": ""142754"", ""ASXSecurityType"": 1, ""displayName"": ""GROUP 6 METALS LIMITED"", ""issueType"": ""CS"", ""issueTypeName"": ""Common Stock"", ""issueTypeCode"": 1, ""isin"": ""AU0000188021"", ""xidEntity"": 204150649}]","[""KIS"", """"]"
G6M,204150649,2924-02357025-2A1288924,2021-03-24T04:58:02.000Z,Cleansing Notice,168KB,false,KIS,,"[""Cleansing Notice""]","[{""symbolDisplay"": ""KIS""}]","[{""symbol"": ""G6M"", ""xid"": ""142754"", ""ASXSecurityType"": 1, ""displayName"": ""GROUP 6 METALS LIMITED"", ""issueType"": ""CS"", ""issueTypeName"": ""Common Stock"", ""issueTypeCode"": 1, ""isin"": ""AU0000188021"", ""xidEntity"": 204150649}]","[""KIS"", """"]"
G6M,204150649,2924-02357023-2A1288923,2021-03-24T04:55:57.000Z,Appendix 2A,234KB,false,KIS,,"[""Appendix 2A""]","[{""symbolDisplay"": ""KIS""}]","[{""symbol"": ""G6M"", ""xid"": ""142754"", ""ASXSecurityType"": 1, ""displayName"": ""GROUP 6 METALS LIMITED"", ""issueType"": ""CS"", ""issueTypeName"": ""Common Stock"", ""issueTypeCode"": 1, ""isin"": ""AU0000188021"", ""xidEntity"": 204150649}]","[""KIS"", """"]"
G6M,204150649,2924-02356659-2A1288724,2021-03-23T08:22:41.000Z,Dolphin Tungsten Project Investor Presentation March 2021,1651KB,false,KIS,,"[""Company Presentation""]","[{""symbolDisplay"": ""KIS""}]","[{""symbol"": ""G6M"", ""xid"": ""142754"", ""ASXSecurityType"": 1, ""displayName"": ""GROUP 6 METALS LIMITED"", ""issueType"": ""CS"", ""issueTypeName"": ""Common Stock"", ""issueTypeCode"": 1, ""isin"": ""AU0000188021"", ""xidEntity"": 204150649}]","[""KIS"", """"]"
G6M,204150649,2924-02356476-2A1288627,2021-03-23T00:31:59.000Z,Appendix 2A Amended,234KB,false,KIS,,"[""Appendix 2A""]","[{""symbolDisplay"": ""KIS""}]","[{""symbol"": ""G6M"", ""xid"": ""142754"", ""ASXSecurityType"": 1, ""displayName"": ""GROUP 6 METALS LIMITED"", ""issueType"": ""CS"", ""issueTypeName"": ""Common Stock"", ""issueTypeCode"": 1, ""isin"": ""AU0000188021"", ""xidEntity"": 204150649}]","[""KIS"", """"]"
G6M,204150649,2924-02356152-2A1288479,2021-03-22T06:10:13.000Z,Cleansing Notice,168KB,false,KIS,,"[""Cleansing Notice""]","[{""symbolDisplay"": ""KIS""}]","[{""symbol"": ""G6M"", ""xid"": ""142754"", ""ASXSecurityType"": 1, ""displayName"": ""GROUP 6 METALS LIMITED"", ""issueType"": ""CS"", ""issueTypeName"": ""Common Stock"", ""issueTypeCode"": 1, ""isin"": ""AU0000188021"", ""xidEntity"": 204150649}]","[""KIS"", """"]"
G6M,204150649,2924-02356061-2A1288424,2021-03-22T03:18:08.000Z,Appendix 2A,234KB,false,KIS,,"[""Appendix 2A""]","[{""symbolDisplay"": ""KIS""}]","[{""symbol"": ""G6M"", ""xid"": ""142754"", ""ASXSecurityType"": 1, ""displayName"": ""GROUP 6 METALS LIMITED"", ""issueType"": ""CS"", ""issueTypeName"": ""Common Stock"", ""issueTypeCode"": 1, ""isin"": ""AU0000188021"", ""xidEntity"": 204150649}]","[""KIS"", """"]"
G6M,204150649,2924-02354855-2A1287793,2021-03-17T07:29:04.000Z,Cleansing Notice,168KB,false,KIS,,"[""Cleansing Notice""]","[{""symbolDisplay"": ""KIS""}]","[{""symbol"": ""G6M"", ""xid"": ""142754"", ""ASXSecurityType"": 1, ""displayName"": ""GROUP 6 METALS LIMITED"", ""issueType"": ""CS"", ""issueTypeName"": ""Common Stock"", ""issueTypeCode"": 1, ""isin"": ""AU0000188021"", ""xidEntity"": 204150649}]","[""KIS"", """"]"
G6M,204150649,2924-02354852-2A1287791,2021-03-17T07:25:44.000Z,Appendix 2A,234KB,false,KIS,,"[""Appendix 2A""]","[{""symbolDisplay"": ""KIS""}]","[{""symbol"": ""G6M"", ""xid"": ""142754"", ""ASXSecurityType"": 1, ""displayName"": ""GROUP 6 METALS LIMITED"", ""issueType"": ""CS"", ""issueTypeName"": ""Common Stock"", ""issueTypeCode"": 1, ""isin"": ""AU0000188021"", ""xidEntity"": 204150649}]","[""KIS"", """"]"
G6M,204150649,2924-02354637-2A1287627,2021-03-16T23:55:21.000Z,Change in substantial holding Chadwick,116KB,false,KIS,,"[""Change in substantial holding""]","[{""symbolDisplay"": ""KIS""}]","[{""symbol"": ""G6M"", ""xid"": ""142754"", ""ASXSecurityType"": 1, ""displayName"": ""GROUP 6 METALS LIMITED"", ""issueType"": ""CS"", ""issueTypeName"": ""Common Stock"", ""issueTypeCode"": 1, ""isin"": ""AU0000188021"", ""xidEntity"": 204150649}]","[""KIS"", """"]"
G6M,204150649,2924-02354096-2A1287322,2021-03-16T00:59:14.000Z,Change in substantial holding Chrysalis,1110KB,false,KIS,,"[""Change in substantial holding""]","[{""symbolDisplay"": ""KIS""}]","[{""symbol"": ""G6M"", ""xid"": ""142754"", ""ASXSecurityType"": 1, ""displayName"": ""GROUP 6 METALS LIMITED"", ""issueType"": ""CS"", ""issueTypeName"": ""Common Stock"", ""issueTypeCode"": 1, ""isin"": ""AU0000188021"", ""xidEntity"": 204150649}]","[""KIS"", """"]"
G6M,204150649,2924-02353917-2A1287208,2021-03-15T21:45:23.000Z,Becoming a substantial holder DACHS Capital AG,494KB,false,KIS,,"[""Becoming a substantial holder""]","[{""symbolDisplay"": ""KIS""}]","[{""symbol"": ""G6M"", ""xid"": ""142754"", ""ASXSecurityType"": 1, ""displayName"": ""GROUP 6 METALS LIMITED"", ""issueType"": ""CS"", ""issueTypeName"": ""Common Stock"", ""issueTypeCode"": 1, ""isin"": ""AU0000188021"", ""xidEntity"": 204150649}]","[""KIS"", """"]"
G6M,204150649,2924-02353913-2A1287206,2021-03-15T21:44:28.000Z,Proposed issue of Securities - KIS,24KB,true,KIS,,"[""Appendix 3B"", ""Trading Halt Lifted""]","[{""symbolDisplay"": ""KIS""}]","[{""symbol"": ""G6M"", ""xid"": ""142754"", ""ASXSecurityType"": 1, ""displayName"": ""GROUP 6 METALS LIMITED"", ""issueType"": ""CS"", ""issueTypeName"": ""Common Stock"", ""issueTypeCode"": 1, ""isin"": ""AU0000188021"", ""xidEntity"": 204150649}]","[""KIS"", """"]"
G6M,204150649,2924-02353912-2A1287202,2021-03-15T21:44:18.000Z,KIS Raises $5.6M in Strongly Supported Placement,242KB,true,KIS,,"[""Placement""]","[{""symbolDisplay"": ""KIS""}]","[{""symbol"": ""G6M"", ""xid"": ""142754"", ""ASXSecurityType"": 1, ""displayName"": ""GROUP 6 METALS LIMITED"", ""issueType"": ""CS"", ""issueTypeName"": ""Common Stock"", ""issueTypeCode"": 1, ""isin"": ""AU0000188021"", ""xidEntity"": 204150649}]","[""KIS"", """"]"
G6M,204150649,2924-02352842-2A1286640,2021-03-11T22:44:24.000Z,Trading Halt,380KB,true,KIS,,"[""Trading Halt""]","[{""symbolDisplay"": ""KIS""}]","[{""symbol"": ""G6M"", ""xid"": ""142754"", ""ASXSecurityType"": 1, ""displayName"": ""GROUP 6 METALS LIMITED"", ""issueType"": ""CS"", ""issueTypeName"": ""Common Stock"", ""issueTypeCode"": 1, ""isin"": ""AU0000188021"", ""xidEntity"": 204150649}]","[""KIS"", """"]"
G6M,204150649,2924-02352126-2A1286286,2021-03-10T06:28:12.000Z,Appendix 2A,234KB,false,KIS,,"[""Appendix 2A""]","[{""symbolDisplay"": ""KIS""}]","[{""symbol"": ""G6M"", ""xid"": ""142754"", ""ASXSecurityType"": 1, ""displayName"": ""GROUP 6 METALS LIMITED"", ""issueType"": ""CS"", ""issueTypeName"": ""Common Stock"", ""issueTypeCode"": 1, ""isin"": ""AU0000188021"", ""xidEntity"": 204150649}]","[""KIS"", """"]"
G6M,204150649,2924-02349575-2A1284837,2021-03-03T07:14:07.000Z,Cleansing Notice,169KB,false,KIS,,"[""Cleansing Notice""]","[{""symbolDisplay"": ""KIS""}]","[{""symbol"": ""G6M"", ""xid"": ""142754"", ""ASXSecurityType"": 1, ""displayName"": ""GROUP 6 METALS LIMITED"", ""issueType"": ""CS"", ""issueTypeName"": ""Common Stock"", ""issueTypeCode"": 1, ""isin"": ""AU0000188021"", ""xidEntity"": 204150649}]","[""KIS"", """"]"
G6M,204150649,2924-02349150-2A1284627,2021-03-02T06:41:24.000Z,Appendix 2A,234KB,false,KIS,,"[""Appendix 2A""]","[{""symbolDisplay"": ""KIS""}]","[{""symbol"": ""G6M"", ""xid"": ""142754"", ""ASXSecurityType"": 1, ""displayName"": ""GROUP 6 METALS LIMITED"", ""issueType"": ""CS"", ""issueTypeName"": ""Common Stock"", ""issueTypeCode"": 1, ""isin"": ""AU0000188021"", ""xidEntity"": 204150649}]","[""KIS"", """"]"
G6M,204150649,2924-02348654-2A1284325,2021-03-01T06:41:22.000Z,Appendix 2A,234KB,false,KIS,,"[""Appendix 2A""]","[{""symbolDisplay"": ""KIS""}]","[{""symbol"": ""G6M"", ""xid"": ""142754"", ""ASXSecurityType"": 1, ""displayName"": ""GROUP 6 METALS LIMITED"", ""issueType"": ""CS"", ""issueTypeName"": ""Common Stock"", ""issueTypeCode"": 1, ""isin"": ""AU0000188021"", ""xidEntity"": 204150649}]","[""KIS"", """"]"
G6M,204150649,2924-02345893-2A1282855,2021-02-24T06:41:22.000Z,Appendix 2A,234KB,false,KIS,,"[""Appendix 2A""]","[{""symbolDisplay"": ""KIS""}]","[{""symbol"": ""G6M"", ""xid"": ""142754"", ""ASXSecurityType"": 1, ""displayName"": ""GROUP 6 METALS LIMITED"", ""issueType"": ""CS"", ""issueTypeName"": ""Common Stock"", ""issueTypeCode"": 1, ""isin"": ""AU0000188021"", ""xidEntity"": 204150649}]","[""KIS"", """"]"
G6M,204150649,2924-02345042-2A1282396,2021-02-23T07:00:55.000Z,Appendix 2A,234KB,false,KIS,,"[""Appendix 2A""]","[{""symbolDisplay"": ""KIS""}]","[{""symbol"": ""G6M"", ""xid"": ""142754"", ""ASXSecurityType"": 1, ""displayName"": ""GROUP 6 METALS LIMITED"", ""issueType"": ""CS"", ""issueTypeName"": ""Common Stock"", ""issueTypeCode"": 1, ""isin"": ""AU0000188021"", ""xidEntity"": 204150649}]","[""KIS"", """"]"
G6M,204150649,2924-02344395-2A1282010,2021-02-22T06:10:33.000Z,Interim Financial Statements 31 December 2020,401KB,true,KIS,,"[""Top 20 shareholders"", ""Half Yearly Report"", ""Half Year Audit Review"", ""Half Year Directors' Statement"", ""Half Year Accounts"", ""Half Year Directors' Report""]","[{""symbolDisplay"": ""KIS""}]","[{""symbol"": ""G6M"", ""xid"": ""142754"", ""ASXSecurityType"": 1, ""displayName"": ""GROUP 6 METALS LIMITED"", ""issueType"": ""CS"", ""issueTypeName"": ""Common Stock"", ""issueTypeCode"": 1, ""isin"": ""AU0000188021"", ""xidEntity"": 204150649}]","[""KIS"", """"]"
G6M,204150649,2924-02344261-2A1281920,2021-02-22T01:39:22.000Z,Change in substantial holding Chadwick,120KB,false,KIS,,"[""Change in substantial holding""]","[{""symbolDisplay"": ""KIS""}]","[{""symbol"": ""G6M"", ""xid"": ""142754"", ""ASXSecurityType"": 1, ""displayName"": ""GROUP 6 METALS LIMITED"", ""issueType"": ""CS"", ""issueTypeName"": ""Common Stock"", ""issueTypeCode"": 1, ""isin"": ""AU0000188021"", ""xidEntity"": 204150649}]","[""KIS"", """"]"
G6M,204150649,2924-02343782-2A1281679,2021-02-19T06:03:29.000Z,Appendix 2A,234KB,false,KIS,,"[""Appendix 2A""]","[{""symbolDisplay"": ""KIS""}]","[{""symbol"": ""G6M"", ""xid"": ""142754"", ""ASXSecurityType"": 1, ""displayName"": ""GROUP 6 METALS LIMITED"", ""issueType"": ""CS"", ""issueTypeName"": ""Common Stock"", ""issueTypeCode"": 1, ""isin"": ""AU0000188021"", ""xidEntity"": 204150649}]","[""KIS"", """"]"
G6M,204150649,2924-02342593-2A1281040,2021-02-17T05:52:34.000Z,Appendix 2A,234KB,false,KIS,,"[""Appendix 2A""]","[{""symbolDisplay"": ""KIS""}]","[{""symbol"": ""G6M"", ""xid"": ""142754"", ""ASXSecurityType"": 1, ""displayName"": ""GROUP 6 METALS LIMITED"", ""issueType"": ""CS"", ""issueTypeName"": ""Common Stock"", ""issueTypeCode"": 1, ""isin"": ""AU0000188021"", ""xidEntity"": 204150649}]","[""KIS"", """"]"
G6M,204150649,2924-02341979-2A1280771,2021-02-16T05:42:57.000Z,Appendix 2A,234KB,false,KIS,,"[""Appendix 2A""]","[{""symbolDisplay"": ""KIS""}]","[{""symbol"": ""G6M"", ""xid"": ""142754"", ""ASXSecurityType"": 1, ""displayName"": ""GROUP 6 METALS LIMITED"", ""issueType"": ""CS"", ""issueTypeName"": ""Common Stock"", ""issueTypeCode"": 1, ""isin"": ""AU0000188021"", ""xidEntity"": 204150649}]","[""KIS"", """"]"
G6M,204150649,2924-02340842-2A1280198,2021-02-12T06:06:15.000Z,Ceasing to be a substantial holder Morritt,56KB,false,KIS,,"[""Ceasing to be a substantial holder""]","[{""symbolDisplay"": ""KIS""}]","[{""symbol"": ""G6M"", ""xid"": ""142754"", ""ASXSecurityType"": 1, ""displayName"": ""GROUP 6 METALS LIMITED"", ""issueType"": ""CS"", ""issueTypeName"": ""Common Stock"", ""issueTypeCode"": 1, ""isin"": ""AU0000188021"", ""xidEntity"": 204150649}]","[""KIS"", """"]"
G6M,204150649,2924-02340280-2A1279890,2021-02-10T23:47:01.000Z,Change of Director's Interest Notice Jacobs,228KB,false,KIS,,"[""Change of Director's Interest Notice""]","[{""symbolDisplay"": ""KIS""}]","[{""symbol"": ""G6M"", ""xid"": ""142754"", ""ASXSecurityType"": 1, ""displayName"": ""GROUP 6 METALS LIMITED"", ""issueType"": ""CS"", ""issueTypeName"": ""Common Stock"", ""issueTypeCode"": 1, ""isin"": ""AU0000188021"", ""xidEntity"": 204150649}]","[""KIS"", """"]"
G6M,204150649,2924-02340033-2A1279776,2021-02-10T08:52:32.000Z,Appendix 2A,235KB,false,KIS,,"[""Appendix 2A""]","[{""symbolDisplay"": ""KIS""}]","[{""symbol"": ""G6M"", ""xid"": ""142754"", ""ASXSecurityType"": 1, ""displayName"": ""GROUP 6 METALS LIMITED"", ""issueType"": ""CS"", ""issueTypeName"": ""Common Stock"", ""issueTypeCode"": 1, ""isin"": ""AU0000188021"", ""xidEntity"": 204150649}]","[""KIS"", """"]"
G6M,204150649,2924-02339499-2A1279453,2021-02-09T07:00:24.000Z,Appendix 2A,230KB,false,KIS,,"[""Appendix 2A""]","[{""symbolDisplay"": ""KIS""}]","[{""symbol"": ""G6M"", ""xid"": ""142754"", ""ASXSecurityType"": 1, ""displayName"": ""GROUP 6 METALS LIMITED"", ""issueType"": ""CS"", ""issueTypeName"": ""Common Stock"", ""issueTypeCode"": 1, ""isin"": ""AU0000188021"", ""xidEntity"": 204150649}]","[""KIS"", """"]"
G6M,204150649,2924-02339390-2A1279398,2021-02-09T02:36:33.000Z,Proposed issue of Securities - KIS,24KB,false,KIS,,"[""Appendix 3B""]","[{""symbolDisplay"": ""KIS""}]","[{""symbol"": ""G6M"", ""xid"": ""142754"", ""ASXSecurityType"": 1, ""displayName"": ""GROUP 6 METALS LIMITED"", ""issueType"": ""CS"", ""issueTypeName"": ""Common Stock"", ""issueTypeCode"": 1, ""isin"": ""AU0000188021"", ""xidEntity"": 204150649}]","[""KIS"", """"]"
G6M,204150649,2924-02339389-2A1279397,2021-02-09T02:33:53.000Z,Proposed issue of Securities - KIS,27KB,false,KIS,,"[""Appendix 3B""]","[{""symbolDisplay"": ""KIS""}]","[{""symbol"": ""G6M"", ""xid"": ""142754"", ""ASXSecurityType"": 1, ""displayName"": ""GROUP 6 METALS LIMITED"", ""issueType"": ""CS"", ""issueTypeName"": ""Common Stock"", ""issueTypeCode"": 1, ""isin"": ""AU0000188021"", ""xidEntity"": 204150649}]","[""KIS"", """"]"
G6M,204150649,2924-02339388-2A1279396,2021-02-09T02:29:53.000Z,Proposed issue of Securities - KIS,24KB,false,KIS,,"[""Appendix 3B""]","[{""symbolDisplay"": ""KIS""}]","[{""symbol"": ""G6M"", ""xid"": ""142754"", ""ASXSecurityType"": 1, ""displayName"": ""GROUP 6 METALS LIMITED"", ""issueType"": ""CS"", ""issueTypeName"": ""Common Stock"", ""issueTypeCode"": 1, ""isin"": ""AU0000188021"", ""xidEntity"": 204150649}]","[""KIS"", """"]"
G6M,204150649,2924-02339387-2A1279393,2021-02-09T02:26:53.000Z,Cleansing Notice,317KB,false,KIS,,"[""Cleansing Notice""]","[{""symbolDisplay"": ""KIS""}]","[{""symbol"": ""G6M"", ""xid"": ""142754"", ""ASXSecurityType"": 1, ""displayName"": ""GROUP 6 METALS LIMITED"", ""issueType"": ""CS"", ""issueTypeName"": ""Common Stock"", ""issueTypeCode"": 1, ""isin"": ""AU0000188021"", ""xidEntity"": 204150649}]","[""KIS"", """"]"
G6M,204150649,2924-02339008-2A1279177,2021-02-08T05:25:07.000Z,Change of Director's Interest Notice Ellis,180KB,false,KIS,,"[""Change of Director's Interest Notice""]","[{""symbolDisplay"": ""KIS""}]","[{""symbol"": ""G6M"", ""xid"": ""142754"", ""ASXSecurityType"": 1, ""displayName"": ""GROUP 6 METALS LIMITED"", ""issueType"": ""CS"", ""issueTypeName"": ""Common Stock"", ""issueTypeCode"": 1, ""isin"": ""AU0000188021"", ""xidEntity"": 204150649}]","[""KIS"", """"]"
G6M,204150649,2924-02339005-2A1279176,2021-02-08T05:22:02.000Z,Change of Director's Interest Notice Hancock,185KB,false,KIS,,"[""Change of Director's Interest Notice""]","[{""symbolDisplay"": ""KIS""}]","[{""symbol"": ""G6M"", ""xid"": ""142754"", ""ASXSecurityType"": 1, ""displayName"": ""GROUP 6 METALS LIMITED"", ""issueType"": ""CS"", ""issueTypeName"": ""Common Stock"", ""issueTypeCode"": 1, ""isin"": ""AU0000188021"", ""xidEntity"": 204150649}]","[""KIS"", """"]"
G6M,204150649,2924-02338928-2A1279135,2021-02-08T01:45:56.000Z,Change in substantial holding Chrysalis,916KB,false,KIS,,"[""Change in substantial holding""]","[{""symbolDisplay"": ""KIS""}]","[{""symbol"": ""G6M"", ""xid"": ""142754"", ""ASXSecurityType"": 1, ""displayName"": ""GROUP 6 METALS LIMITED"", ""issueType"": ""CS"", ""issueTypeName"": ""Common Stock"", ""issueTypeCode"": 1, ""isin"": ""AU0000188021"", ""xidEntity"": 204150649}]","[""KIS"", """"]"
G6M,204150649,2924-02338340-2A1278852,2021-02-05T01:17:26.000Z,Appendix 3G,331KB,false,KIS,,"[""Appendix 3G""]","[{""symbolDisplay"": ""KIS""}]","[{""symbol"": ""G6M"", ""xid"": ""142754"", ""ASXSecurityType"": 1, ""displayName"": ""GROUP 6 METALS LIMITED"", ""issueType"": ""CS"", ""issueTypeName"": ""Common Stock"", ""issueTypeCode"": 1, ""isin"": ""AU0000188021"", ""xidEntity"": 204150649}]","[""KIS"", """"]"
G6M,204150649,2924-02338334-2A1278848,2021-02-05T01:12:11.000Z,Appendix 2A,237KB,false,KIS,,"[""Appendix 2A""]","[{""symbolDisplay"": ""KIS""}]","[{""symbol"": ""G6M"", ""xid"": ""142754"", ""ASXSecurityType"": 1, ""displayName"": ""GROUP 6 METALS LIMITED"", ""issueType"": ""CS"", ""issueTypeName"": ""Common Stock"", ""issueTypeCode"": 1, ""isin"": ""AU0000188021"", ""xidEntity"": 204150649}]","[""KIS"", """"]"
G6M,204150649,2924-02337018-2A1278078,2021-02-02T00:03:11.000Z,Dolphin Project secures $10M Tasmanian Government Loan,379KB,true,KIS,,"[""Trading Halt Lifted"", ""Debt Facility""]","[{""symbolDisplay"": ""KIS""}]","[{""symbol"": ""G6M"", ""xid"": ""142754"", ""ASXSecurityType"": 1, ""displayName"": ""GROUP 6 METALS LIMITED"", ""issueType"": ""CS"", ""issueTypeName"": ""Common Stock"", ""issueTypeCode"": 1, ""isin"": ""AU0000188021"", ""xidEntity"": 204150649}]","[""KIS"", """"]"
G6M,204150649,2924-02336322-2A1277660,2021-01-31T22:07:09.000Z,Trading Halt,380KB,true,KIS,,"[""Trading Halt""]","[{""symbolDisplay"": ""KIS""}]","[{""symbol"": ""G6M"", ""xid"": ""142754"", ""ASXSecurityType"": 1, ""displayName"": ""GROUP 6 METALS LIMITED"", ""issueType"": ""CS"", ""issueTypeName"": ""Common Stock"", ""issueTypeCode"": 1, ""isin"": ""AU0000188021"", ""xidEntity"": 204150649}]","[""KIS"", """"]"
G6M,204150649,2924-02334226-2A1276804,2021-01-27T21:34:47.000Z,Quarterly Activities and Cash Flow Reports December 2020,1190KB,true,KIS,,"[""Second Quarter Activities Report"", ""Second Quarter Cash Flow Report""]","[{""symbolDisplay"": ""KIS""}]","[{""symbol"": ""G6M"", ""xid"": ""142754"", ""ASXSecurityType"": 1, ""displayName"": ""GROUP 6 METALS LIMITED"", ""issueType"": ""CS"", ""issueTypeName"": ""Common Stock"", ""issueTypeCode"": 1, ""isin"": ""AU0000188021"", ""xidEntity"": 204150649}]","[""KIS"", """"]"
G6M,204150649,2924-02330127-2A1274881,2021-01-12T06:42:07.000Z,Change of Director's Interest Notice Jacobs,238KB,false,KIS,,"[""Change of Director's Interest Notice""]","[{""symbolDisplay"": ""KIS""}]","[{""symbol"": ""G6M"", ""xid"": ""142754"", ""ASXSecurityType"": 1, ""displayName"": ""GROUP 6 METALS LIMITED"", ""issueType"": ""CS"", ""issueTypeName"": ""Common Stock"", ""issueTypeCode"": 1, ""isin"": ""AU0000188021"", ""xidEntity"": 204150649}]","[""KIS"", """"]"
G6M,204150649,2924-02329239-2A1274305,2021-01-08T01:20:11.000Z,Results of Annual General Meeting,586KB,false,KIS,,"[""Results of Meeting""]","[{""symbolDisplay"": ""KIS""}]","[{""symbol"": ""G6M"", ""xid"": ""142754"", ""ASXSecurityType"": 1, ""displayName"": ""GROUP 6 METALS LIMITED"", ""issueType"": ""CS"", ""issueTypeName"": ""Common Stock"", ""issueTypeCode"": 1, ""isin"": ""AU0000188021"", ""xidEntity"": 204150649}]","[""KIS"", """"]"
G6M,204150649,2924-02322931-2A1270518,2020-12-15T22:32:46.000Z,Dolphin Project Significant Increase in NPV and Mine Life,5721KB,true,KIS,,"[""Trading Halt Lifted"", ""Progress Report""]","[{""symbolDisplay"": ""KIS""}]","[{""symbol"": ""G6M"", ""xid"": ""142754"", ""ASXSecurityType"": 1, ""displayName"": ""GROUP 6 METALS LIMITED"", ""issueType"": ""CS"", ""issueTypeName"": ""Common Stock"", ""issueTypeCode"": 1, ""isin"": ""AU0000188021"", ""xidEntity"": 204150649}]","[""KIS"", """"]"
G6M,204150649,2924-02321896-2A1270043,2020-12-14T03:08:28.000Z,Trading Halt,243KB,true,KIS,,"[""Trading Halt""]","[{""symbolDisplay"": ""KIS""}]","[{""symbol"": ""G6M"", ""xid"": ""142754"", ""ASXSecurityType"": 1, ""displayName"": ""GROUP 6 METALS LIMITED"", ""issueType"": ""CS"", ""issueTypeName"": ""Common Stock"", ""issueTypeCode"": 1, ""isin"": ""AU0000188021"", ""xidEntity"": 204150649}]","[""KIS"", """"]"
G6M,204150649,2924-02321888-2A1270038,2020-12-14T02:48:53.000Z,Pause in Trading,116KB,true,KIS,,"[""Notice Pending""]","[{""symbolDisplay"": ""KIS""}]","[{""symbol"": ""G6M"", ""xid"": ""142754"", ""ASXSecurityType"": 1, ""displayName"": ""GROUP 6 METALS LIMITED"", ""issueType"": ""CS"", ""issueTypeName"": ""Common Stock"", ""issueTypeCode"": 1, ""isin"": ""AU0000188021"", ""xidEntity"": 204150649}]","[""KIS"", """"]"
G6M,204150649,2924-02320354-2A1269314,2020-12-09T05:28:33.000Z,Metallurgical Testwork Results Additional Disclosure,399KB,true,KIS,,"[""Progress Report""]","[{""symbolDisplay"": ""KIS""}]","[{""symbol"": ""G6M"", ""xid"": ""142754"", ""ASXSecurityType"": 1, ""displayName"": ""GROUP 6 METALS LIMITED"", ""issueType"": ""CS"", ""issueTypeName"": ""Common Stock"", ""issueTypeCode"": 1, ""isin"": ""AU0000188021"", ""xidEntity"": 204150649}]","[""KIS"", """"]"
G6M,204150649,2924-02319732-2A1268983,2020-12-08T03:01:20.000Z,Metallurgical Testwork Results in Significant Imporovements,401KB,true,KIS,,"[""Progress Report""]","[{""symbolDisplay"": ""KIS""}]","[{""symbol"": ""G6M"", ""xid"": ""142754"", ""ASXSecurityType"": 1, ""displayName"": ""GROUP 6 METALS LIMITED"", ""issueType"": ""CS"", ""issueTypeName"": ""Common Stock"", ""issueTypeCode"": 1, ""isin"": ""AU0000188021"", ""xidEntity"": 204150649}]","[""KIS"", """"]"
G6M,204150649,2924-02319216-2A1268718,2020-12-07T05:47:34.000Z,Notice of Annual General Meeting/Proxy Form,1557KB,false,KIS,,"[""Notice of Annual General Meeting"", ""Proxy Form""]","[{""symbolDisplay"": ""KIS""}]","[{""symbol"": ""G6M"", ""xid"": ""142754"", ""ASXSecurityType"": 1, ""displayName"": ""GROUP 6 METALS LIMITED"", ""issueType"": ""CS"", ""issueTypeName"": ""Common Stock"", ""issueTypeCode"": 1, ""isin"": ""AU0000188021"", ""xidEntity"": 204150649}]","[""KIS"", """"]"
G6M,204150649,2924-02310443-2A1264553,2020-11-18T05:11:37.000Z,Investor Presentation November 2020,3879KB,false,KIS,,"[""Company Presentation""]","[{""symbolDisplay"": ""KIS""}]","[{""symbol"": ""G6M"", ""xid"": ""142754"", ""ASXSecurityType"": 1, ""displayName"": ""GROUP 6 METALS LIMITED"", ""issueType"": ""CS"", ""issueTypeName"": ""Common Stock"", ""issueTypeCode"": 1, ""isin"": ""AU0000188021"", ""xidEntity"": 204150649}]","[""KIS"", """"]"
G6M,204150649,2924-02307667-2A1263054,2020-11-11T21:19:46.000Z,King Island Scheelite to Present at NWR Virtual Conference,660KB,false,KIS,,"[""Company Administration - Other""]","[{""symbolDisplay"": ""KIS""}]","[{""symbol"": ""G6M"", ""xid"": ""142754"", ""ASXSecurityType"": 1, ""displayName"": ""GROUP 6 METALS LIMITED"", ""issueType"": ""CS"", ""issueTypeName"": ""Common Stock"", ""issueTypeCode"": 1, ""isin"": ""AU0000188021"", ""xidEntity"": 204150649}]","[""KIS"", """"]"
G6M,204150649,2924-02304991-2A1261628,2020-11-04T22:08:31.000Z,Cleansing Notice,180KB,false,KIS,,"[""Cleansing Notice""]","[{""symbolDisplay"": ""KIS""}]","[{""symbol"": ""G6M"", ""xid"": ""142754"", ""ASXSecurityType"": 1, ""displayName"": ""GROUP 6 METALS LIMITED"", ""issueType"": ""CS"", ""issueTypeName"": ""Common Stock"", ""issueTypeCode"": 1, ""isin"": ""AU0000188021"", ""xidEntity"": 204150649}]","[""KIS"", """"]"
G6M,204150649,2924-02304173-2A1261138,2020-11-03T00:46:12.000Z,Change in substantial holding - Chadwick,375KB,false,KIS,,"[""Change in substantial holding""]","[{""symbolDisplay"": ""KIS""}]","[{""symbol"": ""G6M"", ""xid"": ""142754"", ""ASXSecurityType"": 1, ""displayName"": ""GROUP 6 METALS LIMITED"", ""issueType"": ""CS"", ""issueTypeName"": ""Common Stock"", ""issueTypeCode"": 1, ""isin"": ""AU0000188021"", ""xidEntity"": 204150649}]","[""KIS"", """"]"
G6M,204150649,2924-02303848-2A1260988,2020-11-02T06:55:26.000Z,Appendix 2A,238KB,false,KIS,,"[""Appendix 2A""]","[{""symbolDisplay"": ""KIS""}]","[{""symbol"": ""G6M"", ""xid"": ""142754"", ""ASXSecurityType"": 1, ""displayName"": ""GROUP 6 METALS LIMITED"", ""issueType"": ""CS"", ""issueTypeName"": ""Common Stock"", ""issueTypeCode"": 1, ""isin"": ""AU0000188021"", ""xidEntity"": 204150649}]","[""KIS"", """"]"
G6M,204150649,2924-02297929-2A1258356,2020-10-22T23:18:54.000Z,Investor Presentation October 2020,3934KB,false,KIS,,"[""Company Presentation""]","[{""symbolDisplay"": ""KIS""}]","[{""symbol"": ""G6M"", ""xid"": ""142754"", ""ASXSecurityType"": 1, ""displayName"": ""GROUP 6 METALS LIMITED"", ""issueType"": ""CS"", ""issueTypeName"": ""Common Stock"", ""issueTypeCode"": 1, ""isin"": ""AU0000188021"", ""xidEntity"": 204150649}]","[""KIS"", """"]"
G6M,204150649,2924-02297855-2A1258328,2020-10-22T22:39:39.000Z,Proposed issue of Securities - KIS,27KB,true,KIS,,"[""Appendix 3B"", ""Trading Halt Lifted""]","[{""symbolDisplay"": ""KIS""}]","[{""symbol"": ""G6M"", ""xid"": ""142754"", ""ASXSecurityType"": 1, ""displayName"": ""GROUP 6 METALS LIMITED"", ""issueType"": ""CS"", ""issueTypeName"": ""Common Stock"", ""issueTypeCode"": 1, ""isin"": ""AU0000188021"", ""xidEntity"": 204150649}]","[""KIS"", """"]"
G6M,204150649,2924-02297854-2A1258324,2020-10-22T22:39:34.000Z,KIS Raises A$2.5M to Advance Dolphin Tungsten Mine,355KB,true,KIS,,"[""Placement""]","[{""symbolDisplay"": ""KIS""}]","[{""symbol"": ""G6M"", ""xid"": ""142754"", ""ASXSecurityType"": 1, ""displayName"": ""GROUP 6 METALS LIMITED"", ""issueType"": ""CS"", ""issueTypeName"": ""Common Stock"", ""issueTypeCode"": 1, ""isin"": ""AU0000188021"", ""xidEntity"": 204150649}]","[""KIS"", """"]"
G6M,204150649,2924-02296443-2A1257671,2020-10-20T21:34:59.000Z,Trading Halt,379KB,true,KIS,,"[""Trading Halt""]","[{""symbolDisplay"": ""KIS""}]","[{""symbol"": ""G6M"", ""xid"": ""142754"", ""ASXSecurityType"": 1, ""displayName"": ""GROUP 6 METALS LIMITED"", ""issueType"": ""CS"", ""issueTypeName"": ""Common Stock"", ""issueTypeCode"": 1, ""isin"": ""AU0000188021"", ""xidEntity"": 204150649}]","[""KIS"", """"]"
G6M,204150649,2924-02296190-2A1257563,2020-10-20T04:37:59.000Z,Quarterly Activities and Cash Flow Reports September 2020,707KB,true,KIS,,"[""First Quarter Activities Report"", ""First Quarter Cash Flow Report""]","[{""symbolDisplay"": ""KIS""}]","[{""symbol"": ""G6M"", ""xid"": ""142754"", ""ASXSecurityType"": 1, ""displayName"": ""GROUP 6 METALS LIMITED"", ""issueType"": ""CS"", ""issueTypeName"": ""Common Stock"", ""issueTypeCode"": 1, ""isin"": ""AU0000188021"", ""xidEntity"": 204150649}]","[""KIS"", """"]"
G6M,204150649,2924-02294291-2A1256653,2020-10-15T04:38:00.000Z,Appendix 2A,235KB,false,KIS,,"[""Appendix 2A""]","[{""symbolDisplay"": ""KIS""}]","[{""symbol"": ""G6M"", ""xid"": ""142754"", ""ASXSecurityType"": 1, ""displayName"": ""GROUP 6 METALS LIMITED"", ""issueType"": ""CS"", ""issueTypeName"": ""Common Stock"", ""issueTypeCode"": 1, ""isin"": ""AU0000188021"", ""xidEntity"": 204150649}]","[""KIS"", """"]"
G6M,204150649,2924-02294239-2A1256626,2020-10-15T02:28:49.000Z,Proposed issue of Securities - KIS,24KB,false,KIS,,"[""Appendix 3B""]","[{""symbolDisplay"": ""KIS""}]","[{""symbol"": ""G6M"", ""xid"": ""142754"", ""ASXSecurityType"": 1, ""displayName"": ""GROUP 6 METALS LIMITED"", ""issueType"": ""CS"", ""issueTypeName"": ""Common Stock"", ""issueTypeCode"": 1, ""isin"": ""AU0000188021"", ""xidEntity"": 204150649}]","[""KIS"", """"]"
G6M,204150649,2924-02276232-2A1247514,2020-09-01T22:52:23.000Z,Significant Multi Year Offtake Agreement Signed,378KB,true,KIS,,"[""Trading Halt Lifted"", ""Progress Report""]","[{""symbolDisplay"": ""KIS""}]","[{""symbol"": ""G6M"", ""xid"": ""142754"", ""ASXSecurityType"": 1, ""displayName"": ""GROUP 6 METALS LIMITED"", ""issueType"": ""CS"", ""issueTypeName"": ""Common Stock"", ""issueTypeCode"": 1, ""isin"": ""AU0000188021"", ""xidEntity"": 204150649}]","[""KIS"", """"]"
G6M,204150649,2924-02275644-2A1247167,2020-08-31T22:58:46.000Z,Trading Halt,365KB,true,KIS,,"[""Trading Halt""]","[{""symbolDisplay"": ""KIS""}]","[{""symbol"": ""G6M"", ""xid"": ""142754"", ""ASXSecurityType"": 1, ""displayName"": ""GROUP 6 METALS LIMITED"", ""issueType"": ""CS"", ""issueTypeName"": ""Common Stock"", ""issueTypeCode"": 1, ""isin"": ""AU0000188021"", ""xidEntity"": 204150649}]","[""KIS"", """"]"
G6M,204150649,2924-02270563-2A1244484,2020-08-24T01:39:35.000Z,2020 Appendix 4G and Corporate Governance Statement,580KB,false,KIS,,"[""Corporate Governance"", ""Appendix 4G""]","[{""symbolDisplay"": ""KIS""}]","[{""symbol"": ""G6M"", ""xid"": ""142754"", ""ASXSecurityType"": 1, ""displayName"": ""GROUP 6 METALS LIMITED"", ""issueType"": ""CS"", ""issueTypeName"": ""Common Stock"", ""issueTypeCode"": 1, ""isin"": ""AU0000188021"", ""xidEntity"": 204150649}]","[""KIS"", """"]"
G6M,204150649,2924-02269550-2A1243920,2020-08-20T07:47:33.000Z,Annual Report June 2020,813KB,false,KIS,,"[""Annual Report"", ""Top 20 shareholders"", ""Full Year Accounts"", ""Full Year Audit Review"", ""Full Year Directors' Statement"", ""Full Year Directors' Report""]","[{""symbolDisplay"": ""KIS""}]","[{""symbol"": ""G6M"", ""xid"": ""142754"", ""ASXSecurityType"": 1, ""displayName"": ""GROUP 6 METALS LIMITED"", ""issueType"": ""CS"", ""issueTypeName"": ""Common Stock"", ""issueTypeCode"": 1, ""isin"": ""AU0000188021"", ""xidEntity"": 204150649}]","[""KIS"", """"]"
G6M,204150649,2924-02261567-2A1239793,2020-07-31T04:35:49.000Z,Quarterly Activities and Cash Flow Reports June 2020,728KB,true,KIS,,"[""Commitments Test Entity - Fourth Quarter Activity Report"", ""Commitments Test Entity - Fourth Quarter Cashflow Report""]","[{""symbolDisplay"": ""KIS""}]","[{""symbol"": ""G6M"", ""xid"": ""142754"", ""ASXSecurityType"": 1, ""displayName"": ""GROUP 6 METALS LIMITED"", ""issueType"": ""CS"", ""issueTypeName"": ""Common Stock"", ""issueTypeCode"": 1, ""isin"": ""AU0000188021"", ""xidEntity"": 204150649}]","[""KIS"", """"]"
G6M,204150649,2924-02249887-2A1233830,2020-06-30T07:24:16.000Z,Tungsten Concentrate Offtake Agreement,257KB,true,KIS,,"[""Progress Report""]","[{""symbolDisplay"": ""KIS""}]","[{""symbol"": ""G6M"", ""xid"": ""142754"", ""ASXSecurityType"": 1, ""displayName"": ""GROUP 6 METALS LIMITED"", ""issueType"": ""CS"", ""issueTypeName"": ""Common Stock"", ""issueTypeCode"": 1, ""isin"": ""AU0000188021"", ""xidEntity"": 204150649}]","[""KIS"", """"]"
G6M,204150649,2924-02230596-2A1222902,2020-04-30T04:46:15.000Z,Quarterly Activities and Cash Flow Reports March 2020,667KB,true,KIS,,"[""Third Quarter Activities Report"", ""Third Quarter Cash Flow Report""]","[{""symbolDisplay"": ""KIS""}]","[{""symbol"": ""G6M"", ""xid"": ""142754"", ""ASXSecurityType"": 1, ""displayName"": ""GROUP 6 METALS LIMITED"", ""issueType"": ""CS"", ""issueTypeName"": ""Common Stock"", ""issueTypeCode"": 1, ""isin"": ""AU0000188021"", ""xidEntity"": 204150649}]","[""KIS"", """"]"
G6M,204150649,2924-02228824-2A1222102,2020-04-27T22:54:58.000Z,King Island Scheelite Negotiates $0.5 Million Loan,259KB,false,KIS,,"[""Debt Facility""]","[{""symbolDisplay"": ""KIS""}]","[{""symbol"": ""G6M"", ""xid"": ""142754"", ""ASXSecurityType"": 1, ""displayName"": ""GROUP 6 METALS LIMITED"", ""issueType"": ""CS"", ""issueTypeName"": ""Common Stock"", ""issueTypeCode"": 1, ""isin"": ""AU0000188021"", ""xidEntity"": 204150649}]","[""KIS"", """"]"
G6M,204150649,2924-02204572-2A1207613,2020-02-19T22:53:49.000Z,Interim Financial Statements 31 December 2019,400KB,true,KIS,,"[""Top 20 shareholders"", ""Half Yearly Report"", ""Half Year Audit Review"", ""Half Year Directors' Statement"", ""Half Year Accounts"", ""Half Year Directors' Report""]","[{""symbolDisplay"": ""KIS""}]","[{""symbol"": ""G6M"", ""xid"": ""142754"", ""ASXSecurityType"": 1, ""displayName"": ""GROUP 6 METALS LIMITED"", ""issueType"": ""CS"", ""issueTypeName"": ""Common Stock"", ""issueTypeCode"": 1, ""isin"": ""AU0000188021"", ""xidEntity"": 204150649}]","[""KIS"", """"]"
G6M,204150649,2924-02198477-2A1200445,2020-02-02T21:51:15.000Z,Quarterly Activities Report December 2019 Addendum,213KB,true,KIS,,"[""Second Quarter Activities Report""]","[{""symbolDisplay"": ""KIS""}]","[{""symbol"": ""G6M"", ""xid"": ""142754"", ""ASXSecurityType"": 1, ""displayName"": ""GROUP 6 METALS LIMITED"", ""issueType"": ""CS"", ""issueTypeName"": ""Common Stock"", ""issueTypeCode"": 1, ""isin"": ""AU0000188021"", ""xidEntity"": 204150649}]","[""KIS"", """"]"
G6M,204150649,2924-02197560-2A1200035,2020-01-30T23:48:26.000Z,Quarterly Cash Flow Report December 2019,294KB,true,KIS,,"[""Second Quarter Cash Flow Report""]","[{""symbolDisplay"": ""KIS""}]","[{""symbol"": ""G6M"", ""xid"": ""142754"", ""ASXSecurityType"": 1, ""displayName"": ""GROUP 6 METALS LIMITED"", ""issueType"": ""CS"", ""issueTypeName"": ""Common Stock"", ""issueTypeCode"": 1, ""isin"": ""AU0000188021"", ""xidEntity"": 204150649}]","[""KIS"", """"]"
G6M,204150649,2924-02197555-2A1200032,2020-01-30T23:45:15.000Z,Quarterly Activities Report December 2019,305KB,true,KIS,,"[""Second Quarter Activities Report""]","[{""symbolDisplay"": ""KIS""}]","[{""symbol"": ""G6M"", ""xid"": ""142754"", ""ASXSecurityType"": 1, ""displayName"": ""GROUP 6 METALS LIMITED"", ""issueType"": ""CS"", ""issueTypeName"": ""Common Stock"", ""issueTypeCode"": 1, ""isin"": ""AU0000188021"", ""xidEntity"": 204150649}]","[""KIS"", """"]"
G6M,204150649,2924-02192203-2A1197360,2020-01-12T21:50:38.000Z,Tungsten Concentrate Offtake Agreement Variation Agreed,224KB,false,KIS,,"[""Progress Report""]","[{""symbolDisplay"": ""KIS""}]","[{""symbol"": ""G6M"", ""xid"": ""142754"", ""ASXSecurityType"": 1, ""displayName"": ""GROUP 6 METALS LIMITED"", ""issueType"": ""CS"", ""issueTypeName"": ""Common Stock"", ""issueTypeCode"": 1, ""isin"": ""AU0000188021"", ""xidEntity"": 204150649}]","[""KIS"", """"]"
G6M,204150649,2924-02190692-2A1196283,2020-01-05T22:25:00.000Z,Change of Director's Interest Notice Jacobs,198KB,false,KIS,,"[""Change of Director's Interest Notice""]","[{""symbolDisplay"": ""KIS""}]","[{""symbol"": ""G6M"", ""xid"": ""142754"", ""ASXSecurityType"": 1, ""displayName"": ""GROUP 6 METALS LIMITED"", ""issueType"": ""CS"", ""issueTypeName"": ""Common Stock"", ""issueTypeCode"": 1, ""isin"": ""AU0000188021"", ""xidEntity"": 204150649}]","[""KIS"", """"]"
G6M,204150649,2924-02189666-2A1195438,2019-12-30T00:54:07.000Z,Tungsten Concentrate Offtake Agreement Update,195KB,false,KIS,,"[""Progress Report""]","[{""symbolDisplay"": ""KIS""}]","[{""symbol"": ""G6M"", ""xid"": ""142754"", ""ASXSecurityType"": 1, ""displayName"": ""GROUP 6 METALS LIMITED"", ""issueType"": ""CS"", ""issueTypeName"": ""Common Stock"", ""issueTypeCode"": 1, ""isin"": ""AU0000188021"", ""xidEntity"": 204150649}]","[""KIS"", """"]"
G6M,204150649,2924-02170394-2A1185289,2019-11-07T05:01:25.000Z,Update to Results of 2019 Annual General Meeting,247KB,false,KIS,,"[""Results of Meeting""]","[{""symbolDisplay"": ""KIS""}]","[{""symbol"": ""G6M"", ""xid"": ""142754"", ""ASXSecurityType"": 1, ""displayName"": ""GROUP 6 METALS LIMITED"", ""issueType"": ""CS"", ""issueTypeName"": ""Common Stock"", ""issueTypeCode"": 1, ""isin"": ""AU0000188021"", ""xidEntity"": 204150649}]","[""KIS"", """"]"
G6M,204150649,2924-02167170-2A1183421,2019-10-31T00:01:50.000Z,Quarterly Cashflow Report September 2019,248KB,true,KIS,,"[""First Quarter Cash Flow Report""]","[{""symbolDisplay"": ""KIS""}]","[{""symbol"": ""G6M"", ""xid"": ""142754"", ""ASXSecurityType"": 1, ""displayName"": ""GROUP 6 METALS LIMITED"", ""issueType"": ""CS"", ""issueTypeName"": ""Common Stock"", ""issueTypeCode"": 1, ""isin"": ""AU0000188021"", ""xidEntity"": 204150649}]","[""KIS"", """"]"
G6M,204150649,2924-02167168-2A1183420,2019-10-30T23:59:40.000Z,Quarterly Activities Report September 2019,1593KB,true,KIS,,"[""First Quarter Activities Report""]","[{""symbolDisplay"": ""KIS""}]","[{""symbol"": ""G6M"", ""xid"": ""142754"", ""ASXSecurityType"": 1, ""displayName"": ""GROUP 6 METALS LIMITED"", ""issueType"": ""CS"", ""issueTypeName"": ""Common Stock"", ""issueTypeCode"": 1, ""isin"": ""AU0000188021"", ""xidEntity"": 204150649}]","[""KIS"", """"]"
G6M,204150649,2924-02159488-2A1179963,2019-10-15T07:46:11.000Z,Change of Director's Interest Notice Hancock,144KB,false,KIS,,"[""Change of Director's Interest Notice""]","[{""symbolDisplay"": ""KIS""}]","[{""symbol"": ""G6M"", ""xid"": ""142754"", ""ASXSecurityType"": 1, ""displayName"": ""GROUP 6 METALS LIMITED"", ""issueType"": ""CS"", ""issueTypeName"": ""Common Stock"", ""issueTypeCode"": 1, ""isin"": ""AU0000188021"", ""xidEntity"": 204150649}]","[""KIS"", """"]"
G6M,204150649,2924-02159487-2A1179962,2019-10-15T07:43:41.000Z,Appendix 3B,274KB,false,KIS,,"[""Appendix 3B""]","[{""symbolDisplay"": ""KIS""}]","[{""symbol"": ""G6M"", ""xid"": ""142754"", ""ASXSecurityType"": 1, ""displayName"": ""GROUP 6 METALS LIMITED"", ""issueType"": ""CS"", ""issueTypeName"": ""Common Stock"", ""issueTypeCode"": 1, ""isin"": ""AU0000188021"", ""xidEntity"": 204150649}]","[""KIS"", """"]"
G6M,204150649,2924-02156648-2A1178409,2019-10-08T04:15:50.000Z,Results of Annual General Meeting,286KB,false,KIS,,"[""Results of Meeting""]","[{""symbolDisplay"": ""KIS""}]","[{""symbol"": ""G6M"", ""xid"": ""142754"", ""ASXSecurityType"": 1, ""displayName"": ""GROUP 6 METALS LIMITED"", ""issueType"": ""CS"", ""issueTypeName"": ""Common Stock"", ""issueTypeCode"": 1, ""isin"": ""AU0000188021"", ""xidEntity"": 204150649}]","[""KIS"", """"]"
G6M,204150649,2924-02152430-2A1175962,2019-09-27T06:42:05.000Z,KIS AGM Commencing Midday AEDT Tuesday 8 October 2019,255KB,false,KIS,,"[""Notice of Meeting - Other""]","[{""symbolDisplay"": ""KIS""}]","[{""symbol"": ""G6M"", ""xid"": ""142754"", ""ASXSecurityType"": 1, ""displayName"": ""GROUP 6 METALS LIMITED"", ""issueType"": ""CS"", ""issueTypeName"": ""Common Stock"", ""issueTypeCode"": 1, ""isin"": ""AU0000188021"", ""xidEntity"": 204150649}]","[""KIS"", """"]"
G6M,204150649,2924-02151389-2A1175435,2019-09-25T23:57:07.000Z,18% Increase in Tungsten Resources,2373KB,true,KIS,,"[""Progress Report""]","[{""symbolDisplay"": ""KIS""}]","[{""symbol"": ""G6M"", ""xid"": ""142754"", ""ASXSecurityType"": 1, ""displayName"": ""GROUP 6 METALS LIMITED"", ""issueType"": ""CS"", ""issueTypeName"": ""Common Stock"", ""issueTypeCode"": 1, ""isin"": ""AU0000188021"", ""xidEntity"": 204150649}]","[""KIS"", """"]"
G6M,204150649,2924-02146309-2A1172701,2019-09-12T05:27:30.000Z,KIS Investor Presentation Dolphin Project September 2019,3738KB,false,KIS,,"[""Company Presentation""]","[{""symbolDisplay"": ""KIS""}]","[{""symbol"": ""G6M"", ""xid"": ""142754"", ""ASXSecurityType"": 1, ""displayName"": ""GROUP 6 METALS LIMITED"", ""issueType"": ""CS"", ""issueTypeName"": ""Common Stock"", ""issueTypeCode"": 1, ""isin"": ""AU0000188021"", ""xidEntity"": 204150649}]","[""KIS"", """"]"
G6M,204150649,2924-02144085-2A1171467,2019-09-05T22:28:34.000Z,Notice of Annual General Meeting/Proxy Form,1795KB,false,KIS,,"[""Disclosure Document"", ""Notice of Annual General Meeting"", ""Proxy Form""]","[{""symbolDisplay"": ""KIS""}]","[{""symbol"": ""G6M"", ""xid"": ""142754"", ""ASXSecurityType"": 1, ""displayName"": ""GROUP 6 METALS LIMITED"", ""issueType"": ""CS"", ""issueTypeName"": ""Common Stock"", ""issueTypeCode"": 1, ""isin"": ""AU0000188021"", ""xidEntity"": 204150649}]","[""KIS"", """"]"
G6M,204150649,2924-02132853-2A1164968,2019-08-12T08:05:21.000Z,2019 Appendix 4G and Corporate Governance Statement,523KB,false,KIS,,"[""Corporate Governance"", ""Appendix 4G""]","[{""symbolDisplay"": ""KIS""}]","[{""symbol"": ""G6M"", ""xid"": ""142754"", ""ASXSecurityType"": 1, ""displayName"": ""GROUP 6 METALS LIMITED"", ""issueType"": ""CS"", ""issueTypeName"": ""Common Stock"", ""issueTypeCode"": 1, ""isin"": ""AU0000188021"", ""xidEntity"": 204150649}]","[""KIS"", """"]"
G6M,204150649,2924-02132820-2A1164942,2019-08-12T07:13:26.000Z,Annual Report June 2019,7133KB,false,KIS,,"[""Annual Report"", ""Top 20 shareholders"", ""Full Year Accounts"", ""Full Year Audit Review"", ""Full Year Directors' Statement"", ""Full Year Directors' Report""]","[{""symbolDisplay"": ""KIS""}]","[{""symbol"": ""G6M"", ""xid"": ""142754"", ""ASXSecurityType"": 1, ""displayName"": ""GROUP 6 METALS LIMITED"", ""issueType"": ""CS"", ""issueTypeName"": ""Common Stock"", ""issueTypeCode"": 1, ""isin"": ""AU0000188021"", ""xidEntity"": 204150649}]","[""KIS"", """"]"
G6M,204150649,2924-02128465-2A1162400,2019-07-31T01:19:31.000Z,Quarterly Cash Flow Report June 2019,248KB,true,KIS,,"[""Fourth Quarter Cash Flow Report""]","[{""symbolDisplay"": ""KIS""}]","[{""symbol"": ""G6M"", ""xid"": ""142754"", ""ASXSecurityType"": 1, ""displayName"": ""GROUP 6 METALS LIMITED"", ""issueType"": ""CS"", ""issueTypeName"": ""Common Stock"", ""issueTypeCode"": 1, ""isin"": ""AU0000188021"", ""xidEntity"": 204150649}]","[""KIS"", """"]"
G6M,204150649,2924-02128460-2A1162397,2019-07-31T01:16:46.000Z,Quarterly Activities Report June 2019,356KB,true,KIS,,"[""Fourth Quarter Activities Report""]","[{""symbolDisplay"": ""KIS""}]","[{""symbol"": ""G6M"", ""xid"": ""142754"", ""ASXSecurityType"": 1, ""displayName"": ""GROUP 6 METALS LIMITED"", ""issueType"": ""CS"", ""issueTypeName"": ""Common Stock"", ""issueTypeCode"": 1, ""isin"": ""AU0000188021"", ""xidEntity"": 204150649}]","[""KIS"", """"]"
G6M,204150649,2924-02127340-2A1161921,2019-07-29T09:03:15.000Z,Cleansing Notice,331KB,false,KIS,,"[""Cleansing Notice""]","[{""symbolDisplay"": ""KIS""}]","[{""symbol"": ""G6M"", ""xid"": ""142754"", ""ASXSecurityType"": 1, ""displayName"": ""GROUP 6 METALS LIMITED"", ""issueType"": ""CS"", ""issueTypeName"": ""Common Stock"", ""issueTypeCode"": 1, ""isin"": ""AU0000188021"", ""xidEntity"": 204150649}]","[""KIS"", """"]"
G6M,204150649,2924-02127121-2A1161808,2019-07-29T00:52:03.000Z,Appendix 3B,274KB,false,KIS,,"[""Appendix 3B""]","[{""symbolDisplay"": ""KIS""}]","[{""symbol"": ""G6M"", ""xid"": ""142754"", ""ASXSecurityType"": 1, ""displayName"": ""GROUP 6 METALS LIMITED"", ""issueType"": ""CS"", ""issueTypeName"": ""Common Stock"", ""issueTypeCode"": 1, ""isin"": ""AU0000188021"", ""xidEntity"": 204150649}]","[""KIS"", """"]"
G6M,204150649,2924-02127111-2A1161801,2019-07-29T00:35:53.000Z,Placement of Shares to Gekko Systems Pty Ltd,228KB,false,KIS,,"[""Placement"", ""Issued Capital - Other""]","[{""symbolDisplay"": ""KIS""}]","[{""symbol"": ""G6M"", ""xid"": ""142754"", ""ASXSecurityType"": 1, ""displayName"": ""GROUP 6 METALS LIMITED"", ""issueType"": ""CS"", ""issueTypeName"": ""Common Stock"", ""issueTypeCode"": 1, ""isin"": ""AU0000188021"", ""xidEntity"": 204150649}]","[""KIS"", """"]"
G6M,204150649,2924-02125764-2A1161113,2019-07-23T23:49:26.000Z,King Island Scheelite Negotiates $2M Loan,245KB,true,KIS,,"[""Progress Report"", ""Debt Facility""]","[{""symbolDisplay"": ""KIS""}]","[{""symbol"": ""G6M"", ""xid"": ""142754"", ""ASXSecurityType"": 1, ""displayName"": ""GROUP 6 METALS LIMITED"", ""issueType"": ""CS"", ""issueTypeName"": ""Common Stock"", ""issueTypeCode"": 1, ""isin"": ""AU0000188021"", ""xidEntity"": 204150649}]","[""KIS"", """"]"
G6M,204150649,2924-02117522-2A1156238,2019-06-26T00:02:21.000Z,"Appointment of GM, Project Development and Operations",230KB,false,KIS,,"[""Progress Report"", ""Company Administration - Other""]","[{""symbolDisplay"": ""KIS""}]","[{""symbol"": ""G6M"", ""xid"": ""142754"", ""ASXSecurityType"": 1, ""displayName"": ""GROUP 6 METALS LIMITED"", ""issueType"": ""CS"", ""issueTypeName"": ""Common Stock"", ""issueTypeCode"": 1, ""isin"": ""AU0000188021"", ""xidEntity"": 204150649}]","[""KIS"", """"]"
G6M,204150649,2924-02110958-2A1152293,2019-06-03T01:06:25.000Z,KIS Investor Presentation Dolphin Project June 2019,4010KB,false,KIS,,"[""Company Presentation""]","[{""symbolDisplay"": ""KIS""}]","[{""symbol"": ""G6M"", ""xid"": ""142754"", ""ASXSecurityType"": 1, ""displayName"": ""GROUP 6 METALS LIMITED"", ""issueType"": ""CS"", ""issueTypeName"": ""Common Stock"", ""issueTypeCode"": 1, ""isin"": ""AU0000188021"", ""xidEntity"": 204150649}]","[""KIS"", """"]"
G6M,204150649,2924-02110881-2A1152257,2019-06-02T23:27:55.000Z,KIS ASX Announcement - Completion of Feasibility Study,6192KB,true,KIS,,"[""Progress Report""]","[{""symbolDisplay"": ""KIS""}]","[{""symbol"": ""G6M"", ""xid"": ""142754"", ""ASXSecurityType"": 1, ""displayName"": ""GROUP 6 METALS LIMITED"", ""issueType"": ""CS"", ""issueTypeName"": ""Common Stock"", ""issueTypeCode"": 1, ""isin"": ""AU0000188021"", ""xidEntity"": 204150649}]","[""KIS"", """"]"
G6M,204150649,2924-02110282-2A1151968,2019-05-30T22:27:06.000Z,KIS Presenting at Proactive CEO Session Sydney,194KB,false,KIS,,"[""Company Administration - Other""]","[{""symbolDisplay"": ""KIS""}]","[{""symbol"": ""G6M"", ""xid"": ""142754"", ""ASXSecurityType"": 1, ""displayName"": ""GROUP 6 METALS LIMITED"", ""issueType"": ""CS"", ""issueTypeName"": ""Common Stock"", ""issueTypeCode"": 1, ""isin"": ""AU0000188021"", ""xidEntity"": 204150649}]","[""KIS"", """"]"
G6M,204150649,2995-02110282-2A1151968,2019-05-30T22:27:06.000Z,KIS Presenting at Proactive CEO Session Sydney,194KB,false,KIS,,"[""Company Administration - Other""]","[{""symbolDisplay"": ""KIS""}]","[{""symbol"": ""G6M"", ""xid"": ""142754"", ""ASXSecurityType"": 1, ""displayName"": ""GROUP 6 METALS LIMITED"", ""issueType"": ""CS"", ""issueTypeName"": ""Common Stock"", ""issueTypeCode"": 1, ""isin"": ""AU0000188021"", ""xidEntity"": 204150649}]","[""KIS"", """"]"
G6M,204150649,2995-02104460-2A1148793,2019-05-09T22:44:13.000Z,Retraction of Dolphin Analysis,251KB,true,KIS,,"[""Trading Halt Lifted"", ""Progress Report""]","[{""symbolDisplay"": ""KIS""}]","[{""symbol"": ""G6M"", ""xid"": ""142754"", ""ASXSecurityType"": 1, ""displayName"": ""GROUP 6 METALS LIMITED"", ""issueType"": ""CS"", ""issueTypeName"": ""Common Stock"", ""issueTypeCode"": 1, ""isin"": ""AU0000188021"", ""xidEntity"": 204150649}]","[""KIS"", """"]"
G6M,204150649,2995-02103782-2A1148390,2019-05-07T23:25:40.000Z,Trading Halt,341KB,true,KIS,,"[""Trading Halt""]","[{""symbolDisplay"": ""KIS""}]","[{""symbol"": ""G6M"", ""xid"": ""142754"", ""ASXSecurityType"": 1, ""displayName"": ""GROUP 6 METALS LIMITED"", ""issueType"": ""CS"", ""issueTypeName"": ""Common Stock"", ""issueTypeCode"": 1, ""isin"": ""AU0000188021"", ""xidEntity"": 204150649}]","[""KIS"", """"]"
G6M,204150649,2995-02100567-2A1146684,2019-04-30T03:11:29.000Z,Quarterly Cash Flow Report March 2019,254KB,true,KIS,,"[""Third Quarter Cash Flow Report""]","[{""symbolDisplay"": ""KIS""}]","[{""symbol"": ""G6M"", ""xid"": ""142754"", ""ASXSecurityType"": 1, ""displayName"": ""GROUP 6 METALS LIMITED"", ""issueType"": ""CS"", ""issueTypeName"": ""Common Stock"", ""issueTypeCode"": 1, ""isin"": ""AU0000188021"", ""xidEntity"": 204150649}]","[""KIS"", """"]"
G6M,204150649,2995-02100564-2A1146683,2019-04-30T03:10:44.000Z,Quarterly Activities Report March 2019,334KB,true,KIS,,"[""Third Quarter Activities Report""]","[{""symbolDisplay"": ""KIS""}]","[{""symbol"": ""G6M"", ""xid"": ""142754"", ""ASXSecurityType"": 1, ""displayName"": ""GROUP 6 METALS LIMITED"", ""issueType"": ""CS"", ""issueTypeName"": ""Common Stock"", ""issueTypeCode"": 1, ""isin"": ""AU0000188021"", ""xidEntity"": 204150649}]","[""KIS"", """"]"
G6M,204150649,2995-02098326-2A1145687,2019-04-23T08:38:12.000Z,Amended Investor Presentation,2209KB,false,KIS,,"[""Company Presentation""]","[{""symbolDisplay"": ""KIS""}]","[{""symbol"": ""G6M"", ""xid"": ""142754"", ""ASXSecurityType"": 1, ""displayName"": ""GROUP 6 METALS LIMITED"", ""issueType"": ""CS"", ""issueTypeName"": ""Common Stock"", ""issueTypeCode"": 1, ""isin"": ""AU0000188021"", ""xidEntity"": 204150649}]","[""KIS"", """"]"
G6M,204150649,2995-02096633-2A1144781,2019-04-15T22:45:32.000Z,Investor Presentation,1940KB,false,KIS,,"[""Company Presentation"", ""Top 20 shareholders""]","[{""symbolDisplay"": ""KIS""}]","[{""symbol"": ""G6M"", ""xid"": ""142754"", ""ASXSecurityType"": 1, ""displayName"": ""GROUP 6 METALS LIMITED"", ""issueType"": ""CS"", ""issueTypeName"": ""Common Stock"", ""issueTypeCode"": 1, ""isin"": ""AU0000188021"", ""xidEntity"": 204150649}]","[""KIS"", """"]"
G6M,204150649,2995-02095558-2A1144186,2019-04-11T04:48:08.000Z,Change of Director's Interest Notice Ellis,128KB,false,KIS,,"[""Change of Director's Interest Notice""]","[{""symbolDisplay"": ""KIS""}]","[{""symbol"": ""G6M"", ""xid"": ""142754"", ""ASXSecurityType"": 1, ""displayName"": ""GROUP 6 METALS LIMITED"", ""issueType"": ""CS"", ""issueTypeName"": ""Common Stock"", ""issueTypeCode"": 1, ""isin"": ""AU0000188021"", ""xidEntity"": 204150649}]","[""KIS"", """"]"
G6M,204150649,2995-02095556-2A1144185,2019-04-11T04:45:18.000Z,Cleansing Notice,251KB,false,KIS,,"[""Cleansing Notice""]","[{""symbolDisplay"": ""KIS""}]","[{""symbol"": ""G6M"", ""xid"": ""142754"", ""ASXSecurityType"": 1, ""displayName"": ""GROUP 6 METALS LIMITED"", ""issueType"": ""CS"", ""issueTypeName"": ""Common Stock"", ""issueTypeCode"": 1, ""isin"": ""AU0000188021"", ""xidEntity"": 204150649}]","[""KIS"", """"]"
G6M,204150649,2995-02095211-2A1143988,2019-04-10T07:30:46.000Z,Change of Director's Interest Notice Jacobs,200KB,false,KIS,,"[""Change of Director's Interest Notice""]","[{""symbolDisplay"": ""KIS""}]","[{""symbol"": ""G6M"", ""xid"": ""142754"", ""ASXSecurityType"": 1, ""displayName"": ""GROUP 6 METALS LIMITED"", ""issueType"": ""CS"", ""issueTypeName"": ""Common Stock"", ""issueTypeCode"": 1, ""isin"": ""AU0000188021"", ""xidEntity"": 204150649}]","[""KIS"", """"]"
G6M,204150649,2995-02094077-2A1143355,2019-04-07T23:02:34.000Z,Initial Offtake Agreement Signed Leading European Refiner,189KB,true,KIS,,"[""Trading Halt Lifted"", ""Progress Report""]","[{""symbolDisplay"": ""KIS""}]","[{""symbol"": ""G6M"", ""xid"": ""142754"", ""ASXSecurityType"": 1, ""displayName"": ""GROUP 6 METALS LIMITED"", ""issueType"": ""CS"", ""issueTypeName"": ""Common Stock"", ""issueTypeCode"": 1, ""isin"": ""AU0000188021"", ""xidEntity"": 204150649}]","[""KIS"", """"]"
G6M,204150649,2995-02093737-2A1143155,2019-04-05T00:17:38.000Z,Appendix 3B,268KB,false,KIS,,"[""Appendix 3B""]","[{""symbolDisplay"": ""KIS""}]","[{""symbol"": ""G6M"", ""xid"": ""142754"", ""ASXSecurityType"": 1, ""displayName"": ""GROUP 6 METALS LIMITED"", ""issueType"": ""CS"", ""issueTypeName"": ""Common Stock"", ""issueTypeCode"": 1, ""isin"": ""AU0000188021"", ""xidEntity"": 204150649}]","[""KIS"", """"]"
G6M,204150649,2995-02093140-2A1142711,2019-04-03T22:17:26.000Z,Trading Halt,261KB,true,KIS,,"[""Trading Halt""]","[{""symbolDisplay"": ""KIS""}]","[{""symbol"": ""G6M"", ""xid"": ""142754"", ""ASXSecurityType"": 1, ""displayName"": ""GROUP 6 METALS LIMITED"", ""issueType"": ""CS"", ""issueTypeName"": ""Common Stock"", ""issueTypeCode"": 1, ""isin"": ""AU0000188021"", ""xidEntity"": 204150649}]","[""KIS"", """"]"
G6M,204150649,2995-02081792-2A1136155,2019-02-28T06:28:29.000Z,Final Director's Interest Notice Davies,195KB,false,KIS,,"[""Final Director's Interest Notice""]","[{""symbolDisplay"": ""KIS""}]","[{""symbol"": ""G6M"", ""xid"": ""142754"", ""ASXSecurityType"": 1, ""displayName"": ""GROUP 6 METALS LIMITED"", ""issueType"": ""CS"", ""issueTypeName"": ""Common Stock"", ""issueTypeCode"": 1, ""isin"": ""AU0000188021"", ""xidEntity"": 204150649}]","[""KIS"", """"]"
G6M,204150649,2995-02081788-2A1136154,2019-02-28T06:26:59.000Z,Initial Director's Interest Notice Hancock,179KB,false,KIS,,"[""Initial Director's Interest Notice""]","[{""symbolDisplay"": ""KIS""}]","[{""symbol"": ""G6M"", ""xid"": ""142754"", ""ASXSecurityType"": 1, ""displayName"": ""GROUP 6 METALS LIMITED"", ""issueType"": ""CS"", ""issueTypeName"": ""Common Stock"", ""issueTypeCode"": 1, ""isin"": ""AU0000188021"", ""xidEntity"": 204150649}]","[""KIS"", """"]"
G6M,204150649,2995-02080183-2A1135282,2019-02-26T06:06:20.000Z,Director Retirement and New Appointment,162KB,false,KIS,,"[""Director Appointment/Resignation""]","[{""symbolDisplay"": ""KIS""}]","[{""symbol"": ""G6M"", ""xid"": ""142754"", ""ASXSecurityType"": 1, ""displayName"": ""GROUP 6 METALS LIMITED"", ""issueType"": ""CS"", ""issueTypeName"": ""Common Stock"", ""issueTypeCode"": 1, ""isin"": ""AU0000188021"", ""xidEntity"": 204150649}]","[""KIS"", """"]"
G6M,204150649,2995-02079407-2A1134770,2019-02-25T04:18:52.000Z,Change of Director's Interest Notice Davies,133KB,false,KIS,,"[""Change of Director's Interest Notice""]","[{""symbolDisplay"": ""KIS""}]","[{""symbol"": ""G6M"", ""xid"": ""142754"", ""ASXSecurityType"": 1, ""displayName"": ""GROUP 6 METALS LIMITED"", ""issueType"": ""CS"", ""issueTypeName"": ""Common Stock"", ""issueTypeCode"": 1, ""isin"": ""AU0000188021"", ""xidEntity"": 204150649}]","[""KIS"", """"]"
G6M,204150649,2995-02079406-2A1134769,2019-02-25T04:17:47.000Z,Change of Director's Interest Notice Jacobs,132KB,false,KIS,,"[""Change of Director's Interest Notice""]","[{""symbolDisplay"": ""KIS""}]","[{""symbol"": ""G6M"", ""xid"": ""142754"", ""ASXSecurityType"": 1, ""displayName"": ""GROUP 6 METALS LIMITED"", ""issueType"": ""CS"", ""issueTypeName"": ""Common Stock"", ""issueTypeCode"": 1, ""isin"": ""AU0000188021"", ""xidEntity"": 204150649}]","[""KIS"", """"]"
G6M,204150649,2995-02075189-2A1132404,2019-02-13T06:47:22.000Z,Interim Financial Statements 31 December 2018,6132KB,true,KIS,,"[""Top 20 shareholders"", ""Half Yearly Report"", ""Half Year Audit Review"", ""Half Year Directors' Statement"", ""Half Year Accounts"", ""Half Year Directors' Report""]","[{""symbolDisplay"": ""KIS""}]","[{""symbol"": ""G6M"", ""xid"": ""142754"", ""ASXSecurityType"": 1, ""displayName"": ""GROUP 6 METALS LIMITED"", ""issueType"": ""CS"", ""issueTypeName"": ""Common Stock"", ""issueTypeCode"": 1, ""isin"": ""AU0000188021"", ""xidEntity"": 204150649}]","[""KIS"", """"]"
G6M,204150649,2995-02069807-2A1129636,2019-01-29T06:50:18.000Z,Quarterly Cash Flow Report December 2018,249KB,true,KIS,,"[""Second Quarter Cash Flow Report""]","[{""symbolDisplay"": ""KIS""}]","[{""symbol"": ""G6M"", ""xid"": ""142754"", ""ASXSecurityType"": 1, ""displayName"": ""GROUP 6 METALS LIMITED"", ""issueType"": ""CS"", ""issueTypeName"": ""Common Stock"", ""issueTypeCode"": 1, ""isin"": ""AU0000188021"", ""xidEntity"": 204150649}]","[""KIS"", """"]"
G6M,204150649,2995-02069805-2A1129635,2019-01-29T06:47:28.000Z,Quarterly Activities Report December 2018,303KB,true,KIS,,"[""Second Quarter Activities Report""]","[{""symbolDisplay"": ""KIS""}]","[{""symbol"": ""G6M"", ""xid"": ""142754"", ""ASXSecurityType"": 1, ""displayName"": ""GROUP 6 METALS LIMITED"", ""issueType"": ""CS"", ""issueTypeName"": ""Common Stock"", ""issueTypeCode"": 1, ""isin"": ""AU0000188021"", ""xidEntity"": 204150649}]","[""KIS"", """"]"
G6M,204150649,2995-02067316-2A1128448,2019-01-16T23:14:43.000Z,Update on processing plant engineering and site location,534KB,false,KIS,,"[""Progress Report""]","[{""symbolDisplay"": ""KIS""}]","[{""symbol"": ""G6M"", ""xid"": ""142754"", ""ASXSecurityType"": 1, ""displayName"": ""GROUP 6 METALS LIMITED"", ""issueType"": ""CS"", ""issueTypeName"": ""Common Stock"", ""issueTypeCode"": 1, ""isin"": ""AU0000188021"", ""xidEntity"": 204150649}]","[""KIS"", """"]"
G6M,204150649,2995-02058460-2A1123164,2018-12-10T22:03:27.000Z,Change in substantial holding Chadwick,1119KB,false,KIS,,"[""Change in substantial holding""]","[{""symbolDisplay"": ""KIS""}]","[{""symbol"": ""G6M"", ""xid"": ""142754"", ""ASXSecurityType"": 1, ""displayName"": ""GROUP 6 METALS LIMITED"", ""issueType"": ""CS"", ""issueTypeName"": ""Common Stock"", ""issueTypeCode"": 1, ""isin"": ""AU0000188021"", ""xidEntity"": 204150649}]","[""KIS"", """"]"
G6M,204150649,2995-02054461-2A1120963,2018-11-29T06:54:29.000Z,Change in substantial holding Chrysalis,208KB,false,KIS,,"[""Change in substantial holding""]","[{""symbolDisplay"": ""KIS""}]","[{""symbol"": ""G6M"", ""xid"": ""142754"", ""ASXSecurityType"": 1, ""displayName"": ""GROUP 6 METALS LIMITED"", ""issueType"": ""CS"", ""issueTypeName"": ""Common Stock"", ""issueTypeCode"": 1, ""isin"": ""AU0000188021"", ""xidEntity"": 204150649}]","[""KIS"", """"]"
G6M,204150649,2995-02054284-2A1120886,2018-11-29T03:59:19.000Z,Results of Annual General Meeting,181KB,false,KIS,,"[""Results of Meeting""]","[{""symbolDisplay"": ""KIS""}]","[{""symbol"": ""G6M"", ""xid"": ""142754"", ""ASXSecurityType"": 1, ""displayName"": ""GROUP 6 METALS LIMITED"", ""issueType"": ""CS"", ""issueTypeName"": ""Common Stock"", ""issueTypeCode"": 1, ""isin"": ""AU0000188021"", ""xidEntity"": 204150649}]","[""KIS"", """"]"
G6M,204150649,2995-02051755-2A1119706,2018-11-23T04:59:59.000Z,Change in substantial holding Morritt,3860KB,false,KIS,,"[""Change in substantial holding""]","[{""symbolDisplay"": ""KIS""}]","[{""symbol"": ""G6M"", ""xid"": ""142754"", ""ASXSecurityType"": 1, ""displayName"": ""GROUP 6 METALS LIMITED"", ""issueType"": ""CS"", ""issueTypeName"": ""Common Stock"", ""issueTypeCode"": 1, ""isin"": ""AU0000188021"", ""xidEntity"": 204150649}]","[""KIS"", """"]"
G6M,204150649,2995-02051752-2A1119703,2018-11-23T04:55:39.000Z,Cleansing Notice,251KB,false,KIS,,"[""Cleansing Notice""]","[{""symbolDisplay"": ""KIS""}]","[{""symbol"": ""G6M"", ""xid"": ""142754"", ""ASXSecurityType"": 1, ""displayName"": ""GROUP 6 METALS LIMITED"", ""issueType"": ""CS"", ""issueTypeName"": ""Common Stock"", ""issueTypeCode"": 1, ""isin"": ""AU0000188021"", ""xidEntity"": 204150649}]","[""KIS"", """"]"
G6M,204150649,2995-02050689-2A1119175,2018-11-21T06:36:56.000Z,Appendix 3B,289KB,false,KIS,,"[""Appendix 3B""]","[{""symbolDisplay"": ""KIS""}]","[{""symbol"": ""G6M"", ""xid"": ""142754"", ""ASXSecurityType"": 1, ""displayName"": ""GROUP 6 METALS LIMITED"", ""issueType"": ""CS"", ""issueTypeName"": ""Common Stock"", ""issueTypeCode"": 1, ""isin"": ""AU0000188021"", ""xidEntity"": 204150649}]","[""KIS"", """"]"
G6M,204150649,2995-02046526-2A1116918,2018-11-11T22:43:36.000Z,Strongly Supported Capital Raising,245KB,true,KIS,,"[""Placement"", ""Trading Halt Lifted""]","[{""symbolDisplay"": ""KIS""}]","[{""symbol"": ""G6M"", ""xid"": ""142754"", ""ASXSecurityType"": 1, ""displayName"": ""GROUP 6 METALS LIMITED"", ""issueType"": ""CS"", ""issueTypeName"": ""Common Stock"", ""issueTypeCode"": 1, ""isin"": ""AU0000188021"", ""xidEntity"": 204150649}]","[""KIS"", """"]"
G6M,204150649,2995-02045472-2A1116275,2018-11-07T21:59:37.000Z,Trading Halt,259KB,true,KIS,,"[""Trading Halt""]","[{""symbolDisplay"": ""KIS""}]","[{""symbol"": ""G6M"", ""xid"": ""142754"", ""ASXSecurityType"": 1, ""displayName"": ""GROUP 6 METALS LIMITED"", ""issueType"": ""CS"", ""issueTypeName"": ""Common Stock"", ""issueTypeCode"": 1, ""isin"": ""AU0000188021"", ""xidEntity"": 204150649}]","[""KIS"", """"]"
G6M,204150649,2995-02042564-2A1114576,2018-10-31T05:05:16.000Z,Quarterly Activities and Cash Flow Reports Sep 2018,492KB,true,KIS,,"[""First Quarter Activities Report"", ""First Quarter Cash Flow Report""]","[{""symbolDisplay"": ""KIS""}]","[{""symbol"": ""G6M"", ""xid"": ""142754"", ""ASXSecurityType"": 1, ""displayName"": ""GROUP 6 METALS LIMITED"", ""issueType"": ""CS"", ""issueTypeName"": ""Common Stock"", ""issueTypeCode"": 1, ""isin"": ""AU0000188021"", ""xidEntity"": 204150649}]","[""KIS"", """"]"
G6M,204150649,2995-02041003-2A1113945,2018-10-29T22:25:18.000Z,Dolphin Geotechnical Drilling Update October 2018,873KB,true,KIS,,"[""Progress Report""]","[{""symbolDisplay"": ""KIS""}]","[{""symbol"": ""G6M"", ""xid"": ""142754"", ""ASXSecurityType"": 1, ""displayName"": ""GROUP 6 METALS LIMITED"", ""issueType"": ""CS"", ""issueTypeName"": ""Common Stock"", ""issueTypeCode"": 1, ""isin"": ""AU0000188021"", ""xidEntity"": 204150649}]","[""KIS"", """"]"
G6M,204150649,2995-02039923-2A1113478,2018-10-26T06:37:28.000Z,Notice of Annual General Meeting/Proxy Form,1133KB,false,KIS,,"[""Notice of Annual General Meeting"", ""Proxy Form""]","[{""symbolDisplay"": ""KIS""}]","[{""symbol"": ""G6M"", ""xid"": ""142754"", ""ASXSecurityType"": 1, ""displayName"": ""GROUP 6 METALS LIMITED"", ""issueType"": ""CS"", ""issueTypeName"": ""Common Stock"", ""issueTypeCode"": 1, ""isin"": ""AU0000188021"", ""xidEntity"": 204150649}]","[""KIS"", """"]"
G6M,204150649,2995-02032121-2A1109349,2018-10-08T22:38:01.000Z,Purchase of Land Adjoining Dolphin Mine,169KB,true,KIS,,"[""Asset Acquisition"", ""Debt Facility""]","[{""symbolDisplay"": ""KIS""}]","[{""symbol"": ""G6M"", ""xid"": ""142754"", ""ASXSecurityType"": 1, ""displayName"": ""GROUP 6 METALS LIMITED"", ""issueType"": ""CS"", ""issueTypeName"": ""Common Stock"", ""issueTypeCode"": 1, ""isin"": ""AU0000188021"", ""xidEntity"": 204150649}]","[""KIS"", """"]"
G6M,204150649,2995-02030031-2A1107976,2018-10-02T22:40:37.000Z,Dolphin Geotechnical Drilling Update,880KB,true,KIS,,"[""Progress Report""]","[{""symbolDisplay"": ""KIS""}]","[{""symbol"": ""G6M"", ""xid"": ""142754"", ""ASXSecurityType"": 1, ""displayName"": ""GROUP 6 METALS LIMITED"", ""issueType"": ""CS"", ""issueTypeName"": ""Common Stock"", ""issueTypeCode"": 1, ""isin"": ""AU0000188021"", ""xidEntity"": 204150649}]","[""KIS"", """"]"
G6M,204150649,2995-02025774-2A1105742,2018-09-24T22:27:14.000Z,Dolphin Project Update September 2018,596KB,false,KIS,,"[""Progress Report - Other"", ""Company Administration - Other""]","[{""symbolDisplay"": ""KIS""}]","[{""symbol"": ""G6M"", ""xid"": ""142754"", ""ASXSecurityType"": 1, ""displayName"": ""GROUP 6 METALS LIMITED"", ""issueType"": ""CS"", ""issueTypeName"": ""Common Stock"", ""issueTypeCode"": 1, ""isin"": ""AU0000188021"", ""xidEntity"": 204150649}]","[""KIS"", """"]"
G6M,204150649,2995-02018290-2A1101610,2018-09-03T04:11:20.000Z,Response to ASX Price Query,477KB,true,KIS,,"[""Response to ASX Query""]","[{""symbolDisplay"": ""KIS""}]","[{""symbol"": ""G6M"", ""xid"": ""142754"", ""ASXSecurityType"": 1, ""displayName"": ""GROUP 6 METALS LIMITED"", ""issueType"": ""CS"", ""issueTypeName"": ""Common Stock"", ""issueTypeCode"": 1, ""isin"": ""AU0000188021"", ""xidEntity"": 204150649}]","[""KIS"", """"]"
G6M,204150649,2995-02007250-2A1095426,2018-08-07T07:15:45.000Z,2018 Appendix 4G and Corporate Governance Statement,138KB,false,KIS,,"[""Corporate Governance"", ""Appendix 4G""]","[{""symbolDisplay"": ""KIS""}]","[{""symbol"": ""G6M"", ""xid"": ""142754"", ""ASXSecurityType"": 1, ""displayName"": ""GROUP 6 METALS LIMITED"", ""issueType"": ""CS"", ""issueTypeName"": ""Common Stock"", ""issueTypeCode"": 1, ""isin"": ""AU0000188021"", ""xidEntity"": 204150649}]","[""KIS"", """"]"
G6M,204150649,2995-02007113-2A1095319,2018-08-07T01:31:18.000Z,Change of Director's Interest Notice Davies,24KB,false,KIS,,"[""Change of Director's Interest Notice""]","[{""symbolDisplay"": ""KIS""}]","[{""symbol"": ""G6M"", ""xid"": ""142754"", ""ASXSecurityType"": 1, ""displayName"": ""GROUP 6 METALS LIMITED"", ""issueType"": ""CS"", ""issueTypeName"": ""Common Stock"", ""issueTypeCode"": 1, ""isin"": ""AU0000188021"", ""xidEntity"": 204150649}]","[""KIS"", """"]"
G6M,204150649,2995-02007111-2A1095316,2018-08-07T01:29:43.000Z,Change of Director's Interest Notice Ellis,23KB,false,KIS,,"[""Change of Director's Interest Notice""]","[{""symbolDisplay"": ""KIS""}]","[{""symbol"": ""G6M"", ""xid"": ""142754"", ""ASXSecurityType"": 1, ""displayName"": ""GROUP 6 METALS LIMITED"", ""issueType"": ""CS"", ""issueTypeName"": ""Common Stock"", ""issueTypeCode"": 1, ""isin"": ""AU0000188021"", ""xidEntity"": 204150649}]","[""KIS"", """"]"
G6M,204150649,2995-02007110-2A1095315,2018-08-07T01:28:13.000Z,Change of Director's Interest Notice Jacobs,23KB,false,KIS,,"[""Change of Director's Interest Notice""]","[{""symbolDisplay"": ""KIS""}]","[{""symbol"": ""G6M"", ""xid"": ""142754"", ""ASXSecurityType"": 1, ""displayName"": ""GROUP 6 METALS LIMITED"", ""issueType"": ""CS"", ""issueTypeName"": ""Common Stock"", ""issueTypeCode"": 1, ""isin"": ""AU0000188021"", ""xidEntity"": 204150649}]","[""KIS"", """"]"
G6M,204150649,2995-02007079-2A1095298,2018-08-07T00:33:03.000Z,Annual Report June 2018,529KB,false,KIS,,"[""Annual Report"", ""Top 20 shareholders"", ""Full Year Accounts"", ""Full Year Audit Review"", ""Full Year Directors' Statement"", ""Full Year Directors' Report""]","[{""symbolDisplay"": ""KIS""}]","[{""symbol"": ""G6M"", ""xid"": ""142754"", ""ASXSecurityType"": 1, ""displayName"": ""GROUP 6 METALS LIMITED"", ""issueType"": ""CS"", ""issueTypeName"": ""Common Stock"", ""issueTypeCode"": 1, ""isin"": ""AU0000188021"", ""xidEntity"": 204150649}]","[""KIS"", """"]"
G6M,204150649,2995-02005600-2A1094410,2018-08-01T08:01:17.000Z,Appendix 3B (Final) 1 August 2018,173KB,false,KIS,,"[""Appendix 3B""]","[{""symbolDisplay"": ""KIS""}]","[{""symbol"": ""G6M"", ""xid"": ""142754"", ""ASXSecurityType"": 1, ""displayName"": ""GROUP 6 METALS LIMITED"", ""issueType"": ""CS"", ""issueTypeName"": ""Common Stock"", ""issueTypeCode"": 1, ""isin"": ""AU0000188021"", ""xidEntity"": 204150649}]","[""KIS"", """"]"
G6M,204150649,2995-02005067-2A1094216,2018-07-31T09:11:40.000Z,Quarterly Activities and Cash Flow Reports June 2018,258KB,true,KIS,,"[""Fourth Quarter Activities Report"", ""Fourth Quarter Cash Flow Report""]","[{""symbolDisplay"": ""KIS""}]","[{""symbol"": ""G6M"", ""xid"": ""142754"", ""ASXSecurityType"": 1, ""displayName"": ""GROUP 6 METALS LIMITED"", ""issueType"": ""CS"", ""issueTypeName"": ""Common Stock"", ""issueTypeCode"": 1, ""isin"": ""AU0000188021"", ""xidEntity"": 204150649}]","[""KIS"", """"]"
G6M,204150649,2995-02003879-2A1093773,2018-07-30T09:08:48.000Z,Renounceable Rights Offer Closes,126KB,true,KIS,,"[""Renounceable Issue""]","[{""symbolDisplay"": ""KIS""}]","[{""symbol"": ""G6M"", ""xid"": ""142754"", ""ASXSecurityType"": 1, ""displayName"": ""GROUP 6 METALS LIMITED"", ""issueType"": ""CS"", ""issueTypeName"": ""Common Stock"", ""issueTypeCode"": 1, ""isin"": ""AU0000188021"", ""xidEntity"": 204150649}]","[""KIS"", """"]"
G6M,204150649,2995-01998160-2A1090965,2018-07-09T09:00:29.000Z,Renounceable Rights Offer Period Extended,132KB,false,KIS,,"[""Renounceable Issue""]","[{""symbolDisplay"": ""KIS""}]","[{""symbol"": ""G6M"", ""xid"": ""142754"", ""ASXSecurityType"": 1, ""displayName"": ""GROUP 6 METALS LIMITED"", ""issueType"": ""CS"", ""issueTypeName"": ""Common Stock"", ""issueTypeCode"": 1, ""isin"": ""AU0000188021"", ""xidEntity"": 204150649}]","[""KIS"", """"]"
G6M,204150649,2995-01994980-2A1088918,2018-06-28T23:15:25.000Z,Change of Director's Interest Notice Jacobs,23KB,false,KIS,,"[""Change of Director's Interest Notice""]","[{""symbolDisplay"": ""KIS""}]","[{""symbol"": ""G6M"", ""xid"": ""142754"", ""ASXSecurityType"": 1, ""displayName"": ""GROUP 6 METALS LIMITED"", ""issueType"": ""CS"", ""issueTypeName"": ""Common Stock"", ""issueTypeCode"": 1, ""isin"": ""AU0000188021"", ""xidEntity"": 204150649}]","[""KIS"", """"]"
G6M,204150649,2995-01994970-2A1088913,2018-06-28T23:09:00.000Z,Change of Director's Interest Notice Ellis,23KB,false,KIS,,"[""Change of Director's Interest Notice""]","[{""symbolDisplay"": ""KIS""}]","[{""symbol"": ""G6M"", ""xid"": ""142754"", ""ASXSecurityType"": 1, ""displayName"": ""GROUP 6 METALS LIMITED"", ""issueType"": ""CS"", ""issueTypeName"": ""Common Stock"", ""issueTypeCode"": 1, ""isin"": ""AU0000188021"", ""xidEntity"": 204150649}]","[""KIS"", """"]"
G6M,204150649,2995-01991819-2A1087031,2018-06-19T08:02:38.000Z,Correction Appendix 3B,125KB,false,KIS,,"[""Issued Capital - Other"", ""Appendix 3B""]","[{""symbolDisplay"": ""KIS""}]","[{""symbol"": ""G6M"", ""xid"": ""142754"", ""ASXSecurityType"": 1, ""displayName"": ""GROUP 6 METALS LIMITED"", ""issueType"": ""CS"", ""issueTypeName"": ""Common Stock"", ""issueTypeCode"": 1, ""isin"": ""AU0000188021"", ""xidEntity"": 204150649}]","[""KIS"", """"]"
G6M,204150649,2995-01991571-2A1086843,2018-06-18T23:45:01.000Z,Letter to Option Holders,57KB,false,KIS,,"[""Renounceable Issue"", ""Letter to Shareholders""]","[{""symbolDisplay"": ""KIS""}]","[{""symbol"": ""G6M"", ""xid"": ""142754"", ""ASXSecurityType"": 1, ""displayName"": ""GROUP 6 METALS LIMITED"", ""issueType"": ""CS"", ""issueTypeName"": ""Common Stock"", ""issueTypeCode"": 1, ""isin"": ""AU0000188021"", ""xidEntity"": 204150649}]","[""KIS"", """"]"
G6M,204150649,2995-01991568-2A1086841,2018-06-18T23:42:01.000Z,Letter to Ineligible Shareholders,61KB,false,KIS,,"[""Renounceable Issue"", ""Letter to Shareholders""]","[{""symbolDisplay"": ""KIS""}]","[{""symbol"": ""G6M"", ""xid"": ""142754"", ""ASXSecurityType"": 1, ""displayName"": ""GROUP 6 METALS LIMITED"", ""issueType"": ""CS"", ""issueTypeName"": ""Common Stock"", ""issueTypeCode"": 1, ""isin"": ""AU0000188021"", ""xidEntity"": 204150649}]","[""KIS"", """"]"
G6M,204150649,2995-01991566-2A1086839,2018-06-18T23:39:01.000Z,Letter to Eligible Shareholders,69KB,false,KIS,,"[""Renounceable Issue"", ""Letter to Shareholders""]","[{""symbolDisplay"": ""KIS""}]","[{""symbol"": ""G6M"", ""xid"": ""142754"", ""ASXSecurityType"": 1, ""displayName"": ""GROUP 6 METALS LIMITED"", ""issueType"": ""CS"", ""issueTypeName"": ""Common Stock"", ""issueTypeCode"": 1, ""isin"": ""AU0000188021"", ""xidEntity"": 204150649}]","[""KIS"", """"]"
G6M,204150649,2995-01991561-2A1086835,2018-06-18T23:36:31.000Z,Renounceable Rights Offer Prospectus,995KB,true,KIS,,"[""Renounceable Issue"", ""Disclosure Document""]","[{""symbolDisplay"": ""KIS""}]","[{""symbol"": ""G6M"", ""xid"": ""142754"", ""ASXSecurityType"": 1, ""displayName"": ""GROUP 6 METALS LIMITED"", ""issueType"": ""CS"", ""issueTypeName"": ""Common Stock"", ""issueTypeCode"": 1, ""isin"": ""AU0000188021"", ""xidEntity"": 204150649}]","[""KIS"", """"]"
G6M,204150649,2995-01991555-2A1086832,2018-06-18T23:32:01.000Z,Appendix 3B,62KB,false,KIS,,"[""Renounceable Issue"", ""Appendix 3B""]","[{""symbolDisplay"": ""KIS""}]","[{""symbol"": ""G6M"", ""xid"": ""142754"", ""ASXSecurityType"": 1, ""displayName"": ""GROUP 6 METALS LIMITED"", ""issueType"": ""CS"", ""issueTypeName"": ""Common Stock"", ""issueTypeCode"": 1, ""isin"": ""AU0000188021"", ""xidEntity"": 204150649}]","[""KIS"", """"]"
G6M,204150649,2995-01991552-2A1086831,2018-06-18T23:30:16.000Z,"Underwritten Renounceable Rights Offer to raise $1,490,000",120KB,true,KIS,,"[""Renounceable Issue""]","[{""symbolDisplay"": ""KIS""}]","[{""symbol"": ""G6M"", ""xid"": ""142754"", ""ASXSecurityType"": 1, ""displayName"": ""GROUP 6 METALS LIMITED"", ""issueType"": ""CS"", ""issueTypeName"": ""Common Stock"", ""issueTypeCode"": 1, ""isin"": ""AU0000188021"", ""xidEntity"": 204150649}]","[""KIS"", """"]"
G6M,204150649,2995-01991550-2A1086830,2018-06-18T23:29:31.000Z,Corporate and Dolphin Project Update June 2018,153KB,true,KIS,,"[""Renounceable Issue"", ""Progress Report"", ""Company Administration - Other""]","[{""symbolDisplay"": ""KIS""}]","[{""symbol"": ""G6M"", ""xid"": ""142754"", ""ASXSecurityType"": 1, ""displayName"": ""GROUP 6 METALS LIMITED"", ""issueType"": ""CS"", ""issueTypeName"": ""Common Stock"", ""issueTypeCode"": 1, ""isin"": ""AU0000188021"", ""xidEntity"": 204150649}]","[""KIS"", """"]"
G6M,204150649,2995-01982376-2A1081964,2018-05-16T22:49:08.000Z,Exploration Drilling Results May 2018,2025KB,true,KIS,,"[""Progress Report""]","[{""symbolDisplay"": ""KIS""}]","[{""symbol"": ""G6M"", ""xid"": ""142754"", ""ASXSecurityType"": 1, ""displayName"": ""GROUP 6 METALS LIMITED"", ""issueType"": ""CS"", ""issueTypeName"": ""Common Stock"", ""issueTypeCode"": 1, ""isin"": ""AU0000188021"", ""xidEntity"": 204150649}]","[""KIS"", """"]"
G6M,204150649,2995-01975929-2A1078596,2018-04-29T23:23:18.000Z,Quarterly Activities and Cash Flow Reports March 2018,248KB,true,KIS,,"[""Third Quarter Activities Report"", ""Third Quarter Cash Flow Report""]","[{""symbolDisplay"": ""KIS""}]","[{""symbol"": ""G6M"", ""xid"": ""142754"", ""ASXSecurityType"": 1, ""displayName"": ""GROUP 6 METALS LIMITED"", ""issueType"": ""CS"", ""issueTypeName"": ""Common Stock"", ""issueTypeCode"": 1, ""isin"": ""AU0000188021"", ""xidEntity"": 204150649}]","[""KIS"", """"]"
G6M,204150649,2995-01973641-2A1077553,2018-04-23T00:22:07.000Z,Dolphin Project Drilling Results April 2018,1101KB,true,KIS,,"[""Progress Report""]","[{""symbolDisplay"": ""KIS""}]","[{""symbol"": ""G6M"", ""xid"": ""142754"", ""ASXSecurityType"": 1, ""displayName"": ""GROUP 6 METALS LIMITED"", ""issueType"": ""CS"", ""issueTypeName"": ""Common Stock"", ""issueTypeCode"": 1, ""isin"": ""AU0000188021"", ""xidEntity"": 204150649}]","[""KIS"", """"]"
G6M,204150649,2995-01958692-2A1069226,2018-03-05T21:24:51.000Z,Dolphin Project Development Update March 2018,181KB,true,KIS,,"[""Progress Report""]","[{""symbolDisplay"": ""KIS""}]","[{""symbol"": ""G6M"", ""xid"": ""142754"", ""ASXSecurityType"": 1, ""displayName"": ""GROUP 6 METALS LIMITED"", ""issueType"": ""CS"", ""issueTypeName"": ""Common Stock"", ""issueTypeCode"": 1, ""isin"": ""AU0000188021"", ""xidEntity"": 204150649}]","[""KIS"", """"]"
G6M,204150649,2995-01951629-2A1065247,2018-02-16T07:11:49.000Z,Half Year Accounts 31 December 2017,248KB,true,KIS,,"[""Top 20 shareholders"", ""Half Yearly Report"", ""Half Year Audit Review"", ""Half Year Directors' Statement"", ""Half Year Accounts"", ""Half Year Directors' Report"", ""Issued Capital - Other""]","[{""symbolDisplay"": ""KIS""}]","[{""symbol"": ""G6M"", ""xid"": ""142754"", ""ASXSecurityType"": 1, ""displayName"": ""GROUP 6 METALS LIMITED"", ""issueType"": ""CS"", ""issueTypeName"": ""Common Stock"", ""issueTypeCode"": 1, ""isin"": ""AU0000188021"", ""xidEntity"": 204150649}]","[""KIS"", """"]"
G6M,204150649,2995-01944510-2A1061691,2018-01-29T03:22:16.000Z,Quarterly Activities and Cash Flow Reports Dec 2017,287KB,true,KIS,,"[""Second Quarter Activities Report"", ""Second Quarter Cash Flow Report""]","[{""symbolDisplay"": ""KIS""}]","[{""symbol"": ""G6M"", ""xid"": ""142754"", ""ASXSecurityType"": 1, ""displayName"": ""GROUP 6 METALS LIMITED"", ""issueType"": ""CS"", ""issueTypeName"": ""Common Stock"", ""issueTypeCode"": 1, ""isin"": ""AU0000188021"", ""xidEntity"": 204150649}]","[""KIS"", """"]"
G6M,204150649,2995-01938483-2A1058262,2018-01-02T01:45:39.000Z,Change in substantial holding Chrysalis,978KB,false,KIS,,"[""Change in substantial holding""]","[{""symbolDisplay"": ""KIS""}]","[{""symbol"": ""G6M"", ""xid"": ""142754"", ""ASXSecurityType"": 1, ""displayName"": ""GROUP 6 METALS LIMITED"", ""issueType"": ""CS"", ""issueTypeName"": ""Common Stock"", ""issueTypeCode"": 1, ""isin"": ""AU0000188021"", ""xidEntity"": 204150649}]","[""KIS"", """"]"
G6M,204150649,2995-01938482-2A1058261,2018-01-02T01:44:23.000Z,Change in substantial holding Chadwick,1045KB,false,KIS,,"[""Change in substantial holding""]","[{""symbolDisplay"": ""KIS""}]","[{""symbol"": ""G6M"", ""xid"": ""142754"", ""ASXSecurityType"": 1, ""displayName"": ""GROUP 6 METALS LIMITED"", ""issueType"": ""CS"", ""issueTypeName"": ""Common Stock"", ""issueTypeCode"": 1, ""isin"": ""AU0000188021"", ""xidEntity"": 204150649}]","[""KIS"", """"]"
G6M,204150649,2995-01938474-2A1058254,2018-01-02T01:37:18.000Z,Change of Director's Interest Notice Jacobs,25KB,false,KIS,,"[""Change of Director's Interest Notice""]","[{""symbolDisplay"": ""KIS""}]","[{""symbol"": ""G6M"", ""xid"": ""142754"", ""ASXSecurityType"": 1, ""displayName"": ""GROUP 6 METALS LIMITED"", ""issueType"": ""CS"", ""issueTypeName"": ""Common Stock"", ""issueTypeCode"": 1, ""isin"": ""AU0000188021"", ""xidEntity"": 204150649}]","[""KIS"", """"]"
G6M,204150649,2995-01938472-2A1058252,2018-01-02T01:36:13.000Z,Change of Director's Interest Notice Ellis,86KB,false,KIS,,"[""Change of Director's Interest Notice""]","[{""symbolDisplay"": ""KIS""}]","[{""symbol"": ""G6M"", ""xid"": ""142754"", ""ASXSecurityType"": 1, ""displayName"": ""GROUP 6 METALS LIMITED"", ""issueType"": ""CS"", ""issueTypeName"": ""Common Stock"", ""issueTypeCode"": 1, ""isin"": ""AU0000188021"", ""xidEntity"": 204150649}]","[""KIS"", """"]"
G6M,204150649,2995-01938470-2A1058250,2018-01-02T01:31:28.000Z,Change of Director's Interest Notice Davies,25KB,false,KIS,,"[""Change of Director's Interest Notice""]","[{""symbolDisplay"": ""KIS""}]","[{""symbol"": ""G6M"", ""xid"": ""142754"", ""ASXSecurityType"": 1, ""displayName"": ""GROUP 6 METALS LIMITED"", ""issueType"": ""CS"", ""issueTypeName"": ""Common Stock"", ""issueTypeCode"": 1, ""isin"": ""AU0000188021"", ""xidEntity"": 204150649}]","[""KIS"", """"]"
G6M,204150649,2995-01938133-2A1058065,2017-12-29T03:49:56.000Z,Appendix 3B,123KB,false,KIS,,"[""Issued Capital - Other"", ""Appendix 3B""]","[{""symbolDisplay"": ""KIS""}]","[{""symbol"": ""G6M"", ""xid"": ""142754"", ""ASXSecurityType"": 1, ""displayName"": ""GROUP 6 METALS LIMITED"", ""issueType"": ""CS"", ""issueTypeName"": ""Common Stock"", ""issueTypeCode"": 1, ""isin"": ""AU0000188021"", ""xidEntity"": 204150649}]","[""KIS"", """"]"
G6M,204150649,2995-01936769-2A1057272,2017-12-21T09:10:56.000Z,Appendix 3B,129KB,false,KIS,,"[""Appendix 3B""]","[{""symbolDisplay"": ""KIS""}]","[{""symbol"": ""G6M"", ""xid"": ""142754"", ""ASXSecurityType"": 1, ""displayName"": ""GROUP 6 METALS LIMITED"", ""issueType"": ""CS"", ""issueTypeName"": ""Common Stock"", ""issueTypeCode"": 1, ""isin"": ""AU0000188021"", ""xidEntity"": 204150649}]","[""KIS"", """"]"
G6M,204150649,2995-01928734-2A1052866,2017-11-30T03:51:55.000Z,Results of Annual General Meeting,662KB,false,KIS,,"[""Results of Meeting""]","[{""symbolDisplay"": ""KIS""}]","[{""symbol"": ""G6M"", ""xid"": ""142754"", ""ASXSecurityType"": 1, ""displayName"": ""GROUP 6 METALS LIMITED"", ""issueType"": ""CS"", ""issueTypeName"": ""Common Stock"", ""issueTypeCode"": 1, ""isin"": ""AU0000188021"", ""xidEntity"": 204150649}]","[""KIS"", """"]"
G6M,204150649,2995-01916307-2A1046767,2017-10-31T07:47:29.000Z,Quarterly Activities and Cash Flow Reports September 2017,280KB,true,KIS,,"[""First Quarter Activities Report"", ""First Quarter Cash Flow Report""]","[{""symbolDisplay"": ""KIS""}]","[{""symbol"": ""G6M"", ""xid"": ""142754"", ""ASXSecurityType"": 1, ""displayName"": ""GROUP 6 METALS LIMITED"", ""issueType"": ""CS"", ""issueTypeName"": ""Common Stock"", ""issueTypeCode"": 1, ""isin"": ""AU0000188021"", ""xidEntity"": 204150649}]","[""KIS"", """"]"
G6M,204150649,2995-01914863-2A1046217,2017-10-30T05:39:14.000Z,Notice of Annual General Meeting/Proxy Form,331KB,false,KIS,,"[""Notice of Annual General Meeting"", ""Proxy Form""]","[{""symbolDisplay"": ""KIS""}]","[{""symbol"": ""G6M"", ""xid"": ""142754"", ""ASXSecurityType"": 1, ""displayName"": ""GROUP 6 METALS LIMITED"", ""issueType"": ""CS"", ""issueTypeName"": ""Common Stock"", ""issueTypeCode"": 1, ""isin"": ""AU0000188021"", ""xidEntity"": 204150649}]","[""KIS"", """"]"
G6M,204150649,2995-01881910-2A1028247,2017-08-08T06:55:47.000Z,2017 Corporate Governance Statement and Appendix 4G,138KB,false,KIS,,"[""Appendix 4G""]","[{""symbolDisplay"": ""KIS""}]","[{""symbol"": ""G6M"", ""xid"": ""142754"", ""ASXSecurityType"": 1, ""displayName"": ""GROUP 6 METALS LIMITED"", ""issueType"": ""CS"", ""issueTypeName"": ""Common Stock"", ""issueTypeCode"": 1, ""isin"": ""AU0000188021"", ""xidEntity"": 204150649}]","[""KIS"", """"]"
G6M,204150649,2995-01881908-2A1028246,2017-08-08T06:51:27.000Z,Annual Report June 2017,506KB,false,KIS,,"[""Annual Report"", ""Top 20 shareholders"", ""Full Year Accounts"", ""Full Year Audit Review"", ""Full Year Directors' Statement"", ""Full Year Directors' Report""]","[{""symbolDisplay"": ""KIS""}]","[{""symbol"": ""G6M"", ""xid"": ""142754"", ""ASXSecurityType"": 1, ""displayName"": ""GROUP 6 METALS LIMITED"", ""issueType"": ""CS"", ""issueTypeName"": ""Common Stock"", ""issueTypeCode"": 1, ""isin"": ""AU0000188021"", ""xidEntity"": 204150649}]","[""KIS"", """"]"
G6M,204150649,2995-01879278-2A1026814,2017-07-31T09:02:24.000Z,Quarterly Activities and Cash Flow Reports June 2017,285KB,true,KIS,,"[""Fourth Quarter Activities Report"", ""Fourth Quarter Cash Flow Report""]","[{""symbolDisplay"": ""KIS""}]","[{""symbol"": ""G6M"", ""xid"": ""142754"", ""ASXSecurityType"": 1, ""displayName"": ""GROUP 6 METALS LIMITED"", ""issueType"": ""CS"", ""issueTypeName"": ""Common Stock"", ""issueTypeCode"": 1, ""isin"": ""AU0000188021"", ""xidEntity"": 204150649}]","[""KIS"", """"]"
G6M,204150649,2995-01870942-2A1022159,2017-07-03T03:28:48.000Z,Change of Director's Interest Notice Ellis,72KB,false,KIS,,"[""Change of Director's Interest Notice""]","[{""symbolDisplay"": ""KIS""}]","[{""symbol"": ""G6M"", ""xid"": ""142754"", ""ASXSecurityType"": 1, ""displayName"": ""GROUP 6 METALS LIMITED"", ""issueType"": ""CS"", ""issueTypeName"": ""Common Stock"", ""issueTypeCode"": 1, ""isin"": ""AU0000188021"", ""xidEntity"": 204150649}]","[""KIS"", """"]"
G6M,204150649,2995-01870940-2A1022158,2017-07-03T03:28:18.000Z,Change in substantial holding Chrysalis Investments,129KB,false,KIS,,"[""Change in substantial holding""]","[{""symbolDisplay"": ""KIS""}]","[{""symbol"": ""G6M"", ""xid"": ""142754"", ""ASXSecurityType"": 1, ""displayName"": ""GROUP 6 METALS LIMITED"", ""issueType"": ""CS"", ""issueTypeName"": ""Common Stock"", ""issueTypeCode"": 1, ""isin"": ""AU0000188021"", ""xidEntity"": 204150649}]","[""KIS"", """"]"
G6M,204150649,2995-01869860-2A1021477,2017-06-29T07:38:49.000Z,Appendix 3B Amended,171KB,false,KIS,,"[""Appendix 3B""]","[{""symbolDisplay"": ""KIS""}]","[{""symbol"": ""G6M"", ""xid"": ""142754"", ""ASXSecurityType"": 1, ""displayName"": ""GROUP 6 METALS LIMITED"", ""issueType"": ""CS"", ""issueTypeName"": ""Common Stock"", ""issueTypeCode"": 1, ""isin"": ""AU0000188021"", ""xidEntity"": 204150649}]","[""KIS"", """"]"
G6M,204150649,2995-01869072-2A1020942,2017-06-27T22:23:04.000Z,Change in substantial holding Chadwick,618KB,false,KIS,,"[""Change in substantial holding""]","[{""symbolDisplay"": ""KIS""}]","[{""symbol"": ""G6M"", ""xid"": ""142754"", ""ASXSecurityType"": 1, ""displayName"": ""GROUP 6 METALS LIMITED"", ""issueType"": ""CS"", ""issueTypeName"": ""Common Stock"", ""issueTypeCode"": 1, ""isin"": ""AU0000188021"", ""xidEntity"": 204150649}]","[""KIS"", """"]"
G6M,204150649,2995-01868586-2A1020617,2017-06-26T06:44:29.000Z,Notes Part Conversion Appendix 3B,179KB,false,KIS,,"[""Appendix 3B""]","[{""symbolDisplay"": ""KIS""}]","[{""symbol"": ""G6M"", ""xid"": ""142754"", ""ASXSecurityType"": 1, ""displayName"": ""GROUP 6 METALS LIMITED"", ""issueType"": ""CS"", ""issueTypeName"": ""Common Stock"", ""issueTypeCode"": 1, ""isin"": ""AU0000188021"", ""xidEntity"": 204150649}]","[""KIS"", """"]"
G6M,204150649,2995-01852627-2A1011574,2017-04-28T09:01:46.000Z,Quarterly Activities and Cash Flow Reports March 2017,282KB,true,KIS,,"[""Third Quarter Activities Report"", ""Third Quarter Cash Flow Report""]","[{""symbolDisplay"": ""KIS""}]","[{""symbol"": ""G6M"", ""xid"": ""142754"", ""ASXSecurityType"": 1, ""displayName"": ""GROUP 6 METALS LIMITED"", ""issueType"": ""CS"", ""issueTypeName"": ""Common Stock"", ""issueTypeCode"": 1, ""isin"": ""AU0000188021"", ""xidEntity"": 204150649}]","[""KIS"", """"]"
G6M,204150649,2995-01823864-2A995704,2017-01-31T01:18:34.000Z,Quarterly Activities and Cash Flow Reports Dec 2016,1402KB,true,KIS,,"[""Second Quarter Activities Report"", ""Second Quarter Cash Flow Report""]","[{""symbolDisplay"": ""KIS""}]","[{""symbol"": ""G6M"", ""xid"": ""142754"", ""ASXSecurityType"": 1, ""displayName"": ""GROUP 6 METALS LIMITED"", ""issueType"": ""CS"", ""issueTypeName"": ""Common Stock"", ""issueTypeCode"": 1, ""isin"": ""AU0000188021"", ""xidEntity"": 204150649}]","[""KIS"", """"]"
G6M,204150649,2995-01821716-2A994761,2017-01-23T06:24:02.000Z,Change in substantial holding Morritt,133KB,false,KIS,,"[""Change in substantial holding""]","[{""symbolDisplay"": ""KIS""}]","[{""symbol"": ""G6M"", ""xid"": ""142754"", ""ASXSecurityType"": 1, ""displayName"": ""GROUP 6 METALS LIMITED"", ""issueType"": ""CS"", ""issueTypeName"": ""Common Stock"", ""issueTypeCode"": 1, ""isin"": ""AU0000188021"", ""xidEntity"": 204150649}]","[""KIS"", """"]"
G6M,204150649,2995-01821392-2A994599,2017-01-20T06:54:45.000Z,Half Year Accounts 31 December 2016,654KB,true,KIS,,"[""Top 20 shareholders"", ""Half Yearly Report"", ""Half Year Audit Review"", ""Half Year Directors' Statement"", ""Half Year Accounts"", ""Half Year Directors' Report""]","[{""symbolDisplay"": ""KIS""}]","[{""symbol"": ""G6M"", ""xid"": ""142754"", ""ASXSecurityType"": 1, ""displayName"": ""GROUP 6 METALS LIMITED"", ""issueType"": ""CS"", ""issueTypeName"": ""Common Stock"", ""issueTypeCode"": 1, ""isin"": ""AU0000188021"", ""xidEntity"": 204150649}]","[""KIS"", """"]"
G6M,204150649,2995-01820676-2A994240,2017-01-18T01:23:47.000Z,Ceasing to be a substantial holder,76KB,false,KIS,,"[""Ceasing to be a substantial holder""]","[{""symbolDisplay"": ""KIS""}]","[{""symbol"": ""G6M"", ""xid"": ""142754"", ""ASXSecurityType"": 1, ""displayName"": ""GROUP 6 METALS LIMITED"", ""issueType"": ""CS"", ""issueTypeName"": ""Common Stock"", ""issueTypeCode"": 1, ""isin"": ""AU0000188021"", ""xidEntity"": 204150649}]","[""KIS"", """"]"
G6M,204150649,2995-01811577-2A989161,2016-12-09T03:15:39.000Z,Change of Director's Interest Notice Ellis,500KB,false,KIS,,"[""Change of Director's Interest Notice""]","[{""symbolDisplay"": ""KIS""}]","[{""symbol"": ""G6M"", ""xid"": ""142754"", ""ASXSecurityType"": 1, ""displayName"": ""GROUP 6 METALS LIMITED"", ""issueType"": ""CS"", ""issueTypeName"": ""Common Stock"", ""issueTypeCode"": 1, ""isin"": ""AU0000188021"", ""xidEntity"": 204150649}]","[""KIS"", """"]"
G6M,204150649,2995-01811574-2A989159,2016-12-09T03:12:18.000Z,Ceasing to be a substantial holder Haggarty,142KB,false,KIS,,"[""Ceasing to be a substantial holder""]","[{""symbolDisplay"": ""KIS""}]","[{""symbol"": ""G6M"", ""xid"": ""142754"", ""ASXSecurityType"": 1, ""displayName"": ""GROUP 6 METALS LIMITED"", ""issueType"": ""CS"", ""issueTypeName"": ""Common Stock"", ""issueTypeCode"": 1, ""isin"": ""AU0000188021"", ""xidEntity"": 204150649}]","[""KIS"", """"]"
G6M,204150649,2995-01811572-2A989158,2016-12-09T03:10:24.000Z,Change in substantial holding Chadwick,651KB,false,KIS,,"[""Change in substantial holding""]","[{""symbolDisplay"": ""KIS""}]","[{""symbol"": ""G6M"", ""xid"": ""142754"", ""ASXSecurityType"": 1, ""displayName"": ""GROUP 6 METALS LIMITED"", ""issueType"": ""CS"", ""issueTypeName"": ""Common Stock"", ""issueTypeCode"": 1, ""isin"": ""AU0000188021"", ""xidEntity"": 204150649}]","[""KIS"", """"]"
G6M,204150649,2995-01811571-2A989157,2016-12-09T03:07:33.000Z,Change in substantial holding Chrysalis,1155KB,false,KIS,,"[""Change in substantial holding""]","[{""symbolDisplay"": ""KIS""}]","[{""symbol"": ""G6M"", ""xid"": ""142754"", ""ASXSecurityType"": 1, ""displayName"": ""GROUP 6 METALS LIMITED"", ""issueType"": ""CS"", ""issueTypeName"": ""Common Stock"", ""issueTypeCode"": 1, ""isin"": ""AU0000188021"", ""xidEntity"": 204150649}]","[""KIS"", """"]"
G6M,204150649,2995-01810835-2A988702,2016-12-07T05:20:31.000Z,Appendix 3B,758KB,false,KIS,,"[""Appendix 3B""]","[{""symbolDisplay"": ""KIS""}]","[{""symbol"": ""G6M"", ""xid"": ""142754"", ""ASXSecurityType"": 1, ""displayName"": ""GROUP 6 METALS LIMITED"", ""issueType"": ""CS"", ""issueTypeName"": ""Common Stock"", ""issueTypeCode"": 1, ""isin"": ""AU0000188021"", ""xidEntity"": 204150649}]","[""KIS"", """"]"
G6M,204150649,2995-01798072-2A982211,2016-11-02T01:15:07.000Z,Results of Meeting,21KB,false,KIS,,"[""Results of Meeting""]","[{""symbolDisplay"": ""KIS""}]","[{""symbol"": ""G6M"", ""xid"": ""142754"", ""ASXSecurityType"": 1, ""displayName"": ""GROUP 6 METALS LIMITED"", ""issueType"": ""CS"", ""issueTypeName"": ""Common Stock"", ""issueTypeCode"": 1, ""isin"": ""AU0000188021"", ""xidEntity"": 204150649}]","[""KIS"", """"]"
G6M,204150649,2995-01797240-2A981868,2016-10-31T07:38:22.000Z,Quarterly Activities and Cash Flow Reports September 2016,1381KB,true,KIS,,"[""First Quarter Activities Report"", ""First Quarter Cash Flow Report""]","[{""symbolDisplay"": ""KIS""}]","[{""symbol"": ""G6M"", ""xid"": ""142754"", ""ASXSecurityType"": 1, ""displayName"": ""GROUP 6 METALS LIMITED"", ""issueType"": ""CS"", ""issueTypeName"": ""Common Stock"", ""issueTypeCode"": 1, ""isin"": ""AU0000188021"", ""xidEntity"": 204150649}]","[""KIS"", """"]"
G6M,204150649,2995-01778020-2A971944,2016-09-12T03:21:01.000Z,Notice of Annual General Meeting/Proxy Form,1114KB,false,KIS,,"[""Notice of Annual General Meeting"", ""Proxy Form""]","[{""symbolDisplay"": ""KIS""}]","[{""symbol"": ""G6M"", ""xid"": ""142754"", ""ASXSecurityType"": 1, ""displayName"": ""GROUP 6 METALS LIMITED"", ""issueType"": ""CS"", ""issueTypeName"": ""Common Stock"", ""issueTypeCode"": 1, ""isin"": ""AU0000188021"", ""xidEntity"": 204150649}]","[""KIS"", """"]"
G6M,204150649,2995-01764421-2A964136,2016-08-04T06:21:27.000Z,2016 Corporate Governance Statement and Appendix 4G,718KB,false,KIS,,"[""Corporate Governance"", ""Appendix 4G""]","[{""symbolDisplay"": ""KIS""}]","[{""symbol"": ""G6M"", ""xid"": ""142754"", ""ASXSecurityType"": 1, ""displayName"": ""GROUP 6 METALS LIMITED"", ""issueType"": ""CS"", ""issueTypeName"": ""Common Stock"", ""issueTypeCode"": 1, ""isin"": ""AU0000188021"", ""xidEntity"": 204150649}]","[""KIS"", """"]"
G6M,204150649,2995-01764419-2A964135,2016-08-04T06:19:41.000Z,Annual Report June 2016,1573KB,false,KIS,,"[""Annual Report"", ""Top 20 shareholders"", ""Full Year Accounts"", ""Full Year Audit Review"", ""Full Year Directors' Statement"", ""Full Year Directors' Report""]","[{""symbolDisplay"": ""KIS""}]","[{""symbol"": ""G6M"", ""xid"": ""142754"", ""ASXSecurityType"": 1, ""displayName"": ""GROUP 6 METALS LIMITED"", ""issueType"": ""CS"", ""issueTypeName"": ""Common Stock"", ""issueTypeCode"": 1, ""isin"": ""AU0000188021"", ""xidEntity"": 204150649}]","[""KIS"", """"]"
G6M,204150649,2995-01762703-2A963297,2016-07-29T07:36:57.000Z,Quarterly Activities and Cash Flow Reports June 2016,1012KB,true,KIS,,"[""Fourth Quarter Activities Report"", ""Fourth Quarter Cash Flow Report""]","[{""symbolDisplay"": ""KIS""}]","[{""symbol"": ""G6M"", ""xid"": ""142754"", ""ASXSecurityType"": 1, ""displayName"": ""GROUP 6 METALS LIMITED"", ""issueType"": ""CS"", ""issueTypeName"": ""Common Stock"", ""issueTypeCode"": 1, ""isin"": ""AU0000188021"", ""xidEntity"": 204150649}]","[""KIS"", """"]"
G6M,204150649,2995-01736421-2A920064,2016-04-29T07:48:28.000Z,Quarterly Activities and Cash Flow Reports March 2016,228KB,true,KIS,,"[""Third Quarter Activities Report"", ""Third Quarter Cash Flow Report""]","[{""symbolDisplay"": ""KIS""}]","[{""symbol"": ""G6M"", ""xid"": ""142754"", ""ASXSecurityType"": 1, ""displayName"": ""GROUP 6 METALS LIMITED"", ""issueType"": ""CS"", ""issueTypeName"": ""Common Stock"", ""issueTypeCode"": 1, ""isin"": ""AU0000188021"", ""xidEntity"": 204150649}]","[""KIS"", """"]"
G6M,204150649,2995-01708814-2A904549,2016-02-03T06:09:27.000Z,Half Year Accounts 31 December 2015,328KB,true,KIS,,"[""Top 20 shareholders"", ""Half Yearly Report"", ""Half Year Audit Review"", ""Half Year Directors' Statement"", ""Half Year Accounts"", ""Half Year Directors' Report""]","[{""symbolDisplay"": ""KIS""}]","[{""symbol"": ""G6M"", ""xid"": ""142754"", ""ASXSecurityType"": 1, ""displayName"": ""GROUP 6 METALS LIMITED"", ""issueType"": ""CS"", ""issueTypeName"": ""Common Stock"", ""issueTypeCode"": 1, ""isin"": ""AU0000188021"", ""xidEntity"": 204150649}]","[""KIS"", """"]"
G6M,204150649,2995-01706686-2A903597,2016-01-28T23:01:03.000Z,Quarterly Activities and Cash Flow Reports December 2015,238KB,true,KIS,,"[""Second Quarter Activities Report"", ""Second Quarter Cash Flow Report""]","[{""symbolDisplay"": ""KIS""}]","[{""symbol"": ""G6M"", ""xid"": ""142754"", ""ASXSecurityType"": 1, ""displayName"": ""GROUP 6 METALS LIMITED"", ""issueType"": ""CS"", ""issueTypeName"": ""Common Stock"", ""issueTypeCode"": 1, ""isin"": ""AU0000188021"", ""xidEntity"": 204150649}]","[""KIS"", """"]"
G6M,204150649,2995-01697623-2A898385,2015-12-17T21:28:00.000Z,Convertible Notes Fund Raising,85KB,true,KIS,,"[""Issued Capital - Other""]","[{""symbolDisplay"": ""KIS""}]","[{""symbol"": ""G6M"", ""xid"": ""142754"", ""ASXSecurityType"": 1, ""displayName"": ""GROUP 6 METALS LIMITED"", ""issueType"": ""CS"", ""issueTypeName"": ""Common Stock"", ""issueTypeCode"": 1, ""isin"": ""AU0000188021"", ""xidEntity"": 204150649}]","[""KIS"", """"]"
G6M,204150649,2995-01678790-2A888395,2015-10-29T06:21:35.000Z,Quarterly Activities and Cash Flow Reports September 2015,242KB,true,KIS,,"[""First Quarter Activities Report"", ""First Quarter Cash Flow Report""]","[{""symbolDisplay"": ""KIS""}]","[{""symbol"": ""G6M"", ""xid"": ""142754"", ""ASXSecurityType"": 1, ""displayName"": ""GROUP 6 METALS LIMITED"", ""issueType"": ""CS"", ""issueTypeName"": ""Common Stock"", ""issueTypeCode"": 1, ""isin"": ""AU0000188021"", ""xidEntity"": 204150649}]","[""KIS"", """"]"
G6M,204150649,2995-01674142-2A886042,2015-10-20T06:02:31.000Z,Updated Reserve Statement Released 21 September 2015,2148KB,true,KIS,,"[""Progress Report""]","[{""symbolDisplay"": ""KIS""}]","[{""symbol"": ""G6M"", ""xid"": ""142754"", ""ASXSecurityType"": 1, ""displayName"": ""GROUP 6 METALS LIMITED"", ""issueType"": ""CS"", ""issueTypeName"": ""Common Stock"", ""issueTypeCode"": 1, ""isin"": ""AU0000188021"", ""xidEntity"": 204150649}]","[""KIS"", """"]"
G6M,204150649,2995-01672431-2A885114,2015-10-15T03:37:15.000Z,Results of Meeting,30KB,false,KIS,,"[""Results of Meeting""]","[{""symbolDisplay"": ""KIS""}]","[{""symbol"": ""G6M"", ""xid"": ""142754"", ""ASXSecurityType"": 1, ""displayName"": ""GROUP 6 METALS LIMITED"", ""issueType"": ""CS"", ""issueTypeName"": ""Common Stock"", ""issueTypeCode"": 1, ""isin"": ""AU0000188021"", ""xidEntity"": 204150649}]","[""KIS"", """"]"
G6M,204150649,2995-01663515-2A880108,2015-09-21T01:16:23.000Z,Corporate Update,725KB,false,KIS,,"[""Progress Report - Other""]","[{""symbolDisplay"": ""KIS""}]","[{""symbol"": ""G6M"", ""xid"": ""142754"", ""ASXSecurityType"": 1, ""displayName"": ""GROUP 6 METALS LIMITED"", ""issueType"": ""CS"", ""issueTypeName"": ""Common Stock"", ""issueTypeCode"": 1, ""isin"": ""AU0000188021"", ""xidEntity"": 204150649}]","[""KIS"", """"]"
G6M,204150649,2995-01663514-2A880105,2015-09-21T01:11:00.000Z,Updated Reserve Statement,5761KB,true,KIS,,"[""Progress Report""]","[{""symbolDisplay"": ""KIS""}]","[{""symbol"": ""G6M"", ""xid"": ""142754"", ""ASXSecurityType"": 1, ""displayName"": ""GROUP 6 METALS LIMITED"", ""issueType"": ""CS"", ""issueTypeName"": ""Common Stock"", ""issueTypeCode"": 1, ""isin"": ""AU0000188021"", ""xidEntity"": 204150649}]","[""KIS"", """"]"
G6M,204150649,2995-01660738-2A878547,2015-09-10T07:49:42.000Z,Notice of Annual General Meeting/Proxy Form,209KB,false,KIS,,"[""Notice of Annual General Meeting"", ""Proxy Form""]","[{""symbolDisplay"": ""KIS""}]","[{""symbol"": ""G6M"", ""xid"": ""142754"", ""ASXSecurityType"": 1, ""displayName"": ""GROUP 6 METALS LIMITED"", ""issueType"": ""CS"", ""issueTypeName"": ""Common Stock"", ""issueTypeCode"": 1, ""isin"": ""AU0000188021"", ""xidEntity"": 204150649}]","[""KIS"", """"]"
G6M,204150649,2995-01656054-2A875753,2015-08-28T00:30:03.000Z,Annual Report June 2015,2064KB,false,KIS,,"[""Annual Report"", ""Top 20 shareholders"", ""Full Year Accounts"", ""Full Year Audit Review"", ""Full Year Directors' Statement"", ""Full Year Directors' Report""]","[{""symbolDisplay"": ""KIS""}]","[{""symbol"": ""G6M"", ""xid"": ""142754"", ""ASXSecurityType"": 1, ""displayName"": ""GROUP 6 METALS LIMITED"", ""issueType"": ""CS"", ""issueTypeName"": ""Common Stock"", ""issueTypeCode"": 1, ""isin"": ""AU0000188021"", ""xidEntity"": 204150649}]","[""KIS"", """"]"
G6M,204150649,2995-01656023-2A875757,2015-08-27T23:58:21.000Z,2015 Corporate Governance Statement and Appendix 4G,148KB,false,KIS,,"[""Corporate Governance""]","[{""symbolDisplay"": ""KIS""}]","[{""symbol"": ""G6M"", ""xid"": ""142754"", ""ASXSecurityType"": 1, ""displayName"": ""GROUP 6 METALS LIMITED"", ""issueType"": ""CS"", ""issueTypeName"": ""Common Stock"", ""issueTypeCode"": 1, ""isin"": ""AU0000188021"", ""xidEntity"": 204150649}]","[""KIS"", """"]"
G6M,204150649,2995-01645515-2A869640,2015-07-30T04:08:13.000Z,Quarterly Activities and Cash Flow Reports June 2015,246KB,true,KIS,,"[""Fourth Quarter Activities Report"", ""Fourth Quarter Cash Flow Report""]","[{""symbolDisplay"": ""KIS""}]","[{""symbol"": ""G6M"", ""xid"": ""142754"", ""ASXSecurityType"": 1, ""displayName"": ""GROUP 6 METALS LIMITED"", ""issueType"": ""CS"", ""issueTypeName"": ""Common Stock"", ""issueTypeCode"": 1, ""isin"": ""AU0000188021"", ""xidEntity"": 204150649}]","[""KIS"", """"]"
G6M,204150649,2995-01638567-2A865830,2015-07-02T06:54:17.000Z,TMEC Presentation 3 July 2015,4582KB,false,KIS,,"[""Progress Report - Other""]","[{""symbolDisplay"": ""KIS""}]","[{""symbol"": ""G6M"", ""xid"": ""142754"", ""ASXSecurityType"": 1, ""displayName"": ""GROUP 6 METALS LIMITED"", ""issueType"": ""CS"", ""issueTypeName"": ""Common Stock"", ""issueTypeCode"": 1, ""isin"": ""AU0000188021"", ""xidEntity"": 204150649}]","[""KIS"", """"]"
G6M,204150649,2995-01637273-2A865026,2015-06-30T00:24:21.000Z,Appointment of Financial Advisor,83KB,false,KIS,,"[""Company Administration - Other""]","[{""symbolDisplay"": ""KIS""}]","[{""symbol"": ""G6M"", ""xid"": ""142754"", ""ASXSecurityType"": 1, ""displayName"": ""GROUP 6 METALS LIMITED"", ""issueType"": ""CS"", ""issueTypeName"": ""Common Stock"", ""issueTypeCode"": 1, ""isin"": ""AU0000188021"", ""xidEntity"": 204150649}]","[""KIS"", """"]"
G6M,204150649,2995-01629865-2A860500,2015-06-01T02:37:58.000Z,Change in substantial holding Morritt,446KB,false,KIS,,"[""Change in substantial holding""]","[{""symbolDisplay"": ""KIS""}]","[{""symbol"": ""G6M"", ""xid"": ""142754"", ""ASXSecurityType"": 1, ""displayName"": ""GROUP 6 METALS LIMITED"", ""issueType"": ""CS"", ""issueTypeName"": ""Common Stock"", ""issueTypeCode"": 1, ""isin"": ""AU0000188021"", ""xidEntity"": 204150649}]","[""KIS"", """"]"
G6M,204150649,2995-01629864-2A860499,2015-06-01T02:35:41.000Z,Change in substantial holding Chrysalis,266KB,false,KIS,,"[""Change in substantial holding""]","[{""symbolDisplay"": ""KIS""}]","[{""symbol"": ""G6M"", ""xid"": ""142754"", ""ASXSecurityType"": 1, ""displayName"": ""GROUP 6 METALS LIMITED"", ""issueType"": ""CS"", ""issueTypeName"": ""Common Stock"", ""issueTypeCode"": 1, ""isin"": ""AU0000188021"", ""xidEntity"": 204150649}]","[""KIS"", """"]"
G6M,204150649,2995-01629863-2A860498,2015-06-01T02:32:27.000Z,Change in substantial holding Chadwick,200KB,false,KIS,,"[""Change in substantial holding""]","[{""symbolDisplay"": ""KIS""}]","[{""symbol"": ""G6M"", ""xid"": ""142754"", ""ASXSecurityType"": 1, ""displayName"": ""GROUP 6 METALS LIMITED"", ""issueType"": ""CS"", ""issueTypeName"": ""Common Stock"", ""issueTypeCode"": 1, ""isin"": ""AU0000188021"", ""xidEntity"": 204150649}]","[""KIS"", """"]"
G6M,204150649,2995-01629862-2A860497,2015-06-01T02:28:58.000Z,Change of Director's Interest Notice Ellis,20KB,false,KIS,,"[""Change of Director's Interest Notice""]","[{""symbolDisplay"": ""KIS""}]","[{""symbol"": ""G6M"", ""xid"": ""142754"", ""ASXSecurityType"": 1, ""displayName"": ""GROUP 6 METALS LIMITED"", ""issueType"": ""CS"", ""issueTypeName"": ""Common Stock"", ""issueTypeCode"": 1, ""isin"": ""AU0000188021"", ""xidEntity"": 204150649}]","[""KIS"", """"]"
G6M,204150649,2995-01629861-2A860496,2015-06-01T02:27:02.000Z,Change of Director's Interest Notice Davies,26KB,false,KIS,,"[""Change of Director's Interest Notice""]","[{""symbolDisplay"": ""KIS""}]","[{""symbol"": ""G6M"", ""xid"": ""142754"", ""ASXSecurityType"": 1, ""displayName"": ""GROUP 6 METALS LIMITED"", ""issueType"": ""CS"", ""issueTypeName"": ""Common Stock"", ""issueTypeCode"": 1, ""isin"": ""AU0000188021"", ""xidEntity"": 204150649}]","[""KIS"", """"]"
G6M,204150649,2995-01629858-2A860493,2015-06-01T02:25:03.000Z,Change of Director's Interest Notice Jacobs,15KB,false,KIS,,"[""Change of Director's Interest Notice""]","[{""symbolDisplay"": ""KIS""}]","[{""symbol"": ""G6M"", ""xid"": ""142754"", ""ASXSecurityType"": 1, ""displayName"": ""GROUP 6 METALS LIMITED"", ""issueType"": ""CS"", ""issueTypeName"": ""Common Stock"", ""issueTypeCode"": 1, ""isin"": ""AU0000188021"", ""xidEntity"": 204150649}]","[""KIS"", """"]"
G6M,204150649,2995-01629167-2A860131,2015-05-28T06:58:36.000Z,Appendix 3B,121KB,false,KIS,,"[""Appendix 3B""]","[{""symbolDisplay"": ""KIS""}]","[{""symbol"": ""G6M"", ""xid"": ""142754"", ""ASXSecurityType"": 1, ""displayName"": ""GROUP 6 METALS LIMITED"", ""issueType"": ""CS"", ""issueTypeName"": ""Common Stock"", ""issueTypeCode"": 1, ""isin"": ""AU0000188021"", ""xidEntity"": 204150649}]","[""KIS"", """"]"
G6M,204150649,2995-01628720-2A859882,2015-05-27T06:27:31.000Z,Change in substantial holding Chrysalis,23KB,false,KIS,,"[""Change in substantial holding""]","[{""symbolDisplay"": ""KIS""}]","[{""symbol"": ""G6M"", ""xid"": ""142754"", ""ASXSecurityType"": 1, ""displayName"": ""GROUP 6 METALS LIMITED"", ""issueType"": ""CS"", ""issueTypeName"": ""Common Stock"", ""issueTypeCode"": 1, ""isin"": ""AU0000188021"", ""xidEntity"": 204150649}]","[""KIS"", """"]"
G6M,204150649,2995-01628718-2A859880,2015-05-27T06:24:16.000Z,Change in substantial holding Chadwick,200KB,false,KIS,,"[""Change in substantial holding""]","[{""symbolDisplay"": ""KIS""}]","[{""symbol"": ""G6M"", ""xid"": ""142754"", ""ASXSecurityType"": 1, ""displayName"": ""GROUP 6 METALS LIMITED"", ""issueType"": ""CS"", ""issueTypeName"": ""Common Stock"", ""issueTypeCode"": 1, ""isin"": ""AU0000188021"", ""xidEntity"": 204150649}]","[""KIS"", """"]"
G6M,204150649,2995-01627832-2A859392,2015-05-25T01:11:15.000Z,Appendix 3B,60KB,false,KIS,,"[""Non-Renounceable Issue"", ""Appendix 3B""]","[{""symbolDisplay"": ""KIS""}]","[{""symbol"": ""G6M"", ""xid"": ""142754"", ""ASXSecurityType"": 1, ""displayName"": ""GROUP 6 METALS LIMITED"", ""issueType"": ""CS"", ""issueTypeName"": ""Common Stock"", ""issueTypeCode"": 1, ""isin"": ""AU0000188021"", ""xidEntity"": 204150649}]","[""KIS"", """"]"
G6M,204150649,2995-01626964-2A858866,2015-05-20T22:28:34.000Z,Rights Offer Closes,27KB,false,KIS,,"[""Non-Renounceable Issue""]","[{""symbolDisplay"": ""KIS""}]","[{""symbol"": ""G6M"", ""xid"": ""142754"", ""ASXSecurityType"": 1, ""displayName"": ""GROUP 6 METALS LIMITED"", ""issueType"": ""CS"", ""issueTypeName"": ""Common Stock"", ""issueTypeCode"": 1, ""isin"": ""AU0000188021"", ""xidEntity"": 204150649}]","[""KIS"", """"]"
G6M,204150649,2995-01622069-2A855850,2015-05-03T22:40:53.000Z,Extended Non-Renounceable Rights Offer Closing Date,97KB,false,KIS,,"[""Non-Renounceable Issue""]","[{""symbolDisplay"": ""KIS""}]","[{""symbol"": ""G6M"", ""xid"": ""142754"", ""ASXSecurityType"": 1, ""displayName"": ""GROUP 6 METALS LIMITED"", ""issueType"": ""CS"", ""issueTypeName"": ""Common Stock"", ""issueTypeCode"": 1, ""isin"": ""AU0000188021"", ""xidEntity"": 204150649}]","[""KIS"", """"]"
G6M,204150649,2995-01621065-2A855431,2015-04-30T04:51:02.000Z,Quarterly Activities and Cash Flow Reports March 2015,196KB,true,KIS,,"[""Third Quarter Activities Report"", ""Third Quarter Cash Flow Report""]","[{""symbolDisplay"": ""KIS""}]","[{""symbol"": ""G6M"", ""xid"": ""142754"", ""ASXSecurityType"": 1, ""displayName"": ""GROUP 6 METALS LIMITED"", ""issueType"": ""CS"", ""issueTypeName"": ""Common Stock"", ""issueTypeCode"": 1, ""isin"": ""AU0000188021"", ""xidEntity"": 204150649}]","[""KIS"", """"]"
G6M,204150649,2995-01620191-2A855041,2015-04-29T04:40:41.000Z,Rights Offer Information Booklet Despatched,28KB,false,KIS,,"[""Non-Renounceable Issue"", ""Letter to Shareholders - Other""]","[{""symbolDisplay"": ""KIS""}]","[{""symbol"": ""G6M"", ""xid"": ""142754"", ""ASXSecurityType"": 1, ""displayName"": ""GROUP 6 METALS LIMITED"", ""issueType"": ""CS"", ""issueTypeName"": ""Common Stock"", ""issueTypeCode"": 1, ""isin"": ""AU0000188021"", ""xidEntity"": 204150649}]","[""KIS"", """"]"
G6M,204150649,2995-01618917-2A854443,2015-04-24T07:41:25.000Z,Updated Resource Statement April 2015,1998KB,true,KIS,,"[""Progress Report""]","[{""symbolDisplay"": ""KIS""}]","[{""symbol"": ""G6M"", ""xid"": ""142754"", ""ASXSecurityType"": 1, ""displayName"": ""GROUP 6 METALS LIMITED"", ""issueType"": ""CS"", ""issueTypeName"": ""Common Stock"", ""issueTypeCode"": 1, ""isin"": ""AU0000188021"", ""xidEntity"": 204150649}]","[""KIS"", """"]"
G6M,204150649,2995-01618775-2A854359,2015-04-24T03:30:53.000Z,Change of Director's Interest Notice Ellis,20KB,false,KIS,,"[""Change of Director's Interest Notice""]","[{""symbolDisplay"": ""KIS""}]","[{""symbol"": ""G6M"", ""xid"": ""142754"", ""ASXSecurityType"": 1, ""displayName"": ""GROUP 6 METALS LIMITED"", ""issueType"": ""CS"", ""issueTypeName"": ""Common Stock"", ""issueTypeCode"": 1, ""isin"": ""AU0000188021"", ""xidEntity"": 204150649}]","[""KIS"", """"]"
G6M,204150649,2995-01617217-2A853441,2015-04-20T00:05:41.000Z,Letter to Option Holders,27KB,false,KIS,,"[""Non-Renounceable Issue"", ""Letter to Shareholders""]","[{""symbolDisplay"": ""KIS""}]","[{""symbol"": ""G6M"", ""xid"": ""142754"", ""ASXSecurityType"": 1, ""displayName"": ""GROUP 6 METALS LIMITED"", ""issueType"": ""CS"", ""issueTypeName"": ""Common Stock"", ""issueTypeCode"": 1, ""isin"": ""AU0000188021"", ""xidEntity"": 204150649}]","[""KIS"", """"]"
G6M,204150649,2995-01617215-2A853436,2015-04-20T00:05:03.000Z,Rights Offer Information Booklet,478KB,true,KIS,,"[""Non-Renounceable Issue"", ""Disclosure Document""]","[{""symbolDisplay"": ""KIS""}]","[{""symbol"": ""G6M"", ""xid"": ""142754"", ""ASXSecurityType"": 1, ""displayName"": ""GROUP 6 METALS LIMITED"", ""issueType"": ""CS"", ""issueTypeName"": ""Common Stock"", ""issueTypeCode"": 1, ""isin"": ""AU0000188021"", ""xidEntity"": 204150649}]","[""KIS"", """"]"
G6M,204150649,2995-01617212-2A853438,2015-04-20T00:03:29.000Z,Letter to Ineligble Shareholders,30KB,false,KIS,,"[""Non-Renounceable Issue"", ""Letter to Shareholders""]","[{""symbolDisplay"": ""KIS""}]","[{""symbol"": ""G6M"", ""xid"": ""142754"", ""ASXSecurityType"": 1, ""displayName"": ""GROUP 6 METALS LIMITED"", ""issueType"": ""CS"", ""issueTypeName"": ""Common Stock"", ""issueTypeCode"": 1, ""isin"": ""AU0000188021"", ""xidEntity"": 204150649}]","[""KIS"", """"]"
G6M,204150649,2995-01617209-2A853434,2015-04-20T00:00:20.000Z,Appendix 3B Non Renouncable Rights Offer,59KB,false,KIS,,"[""Non-Renounceable Issue"", ""Appendix 3B""]","[{""symbolDisplay"": ""KIS""}]","[{""symbol"": ""G6M"", ""xid"": ""142754"", ""ASXSecurityType"": 1, ""displayName"": ""GROUP 6 METALS LIMITED"", ""issueType"": ""CS"", ""issueTypeName"": ""Common Stock"", ""issueTypeCode"": 1, ""isin"": ""AU0000188021"", ""xidEntity"": 204150649}]","[""KIS"", """"]"
G6M,204150649,2995-01617208-2A853433,2015-04-20T00:00:00.000Z,Rights Offer Cleansing Notice,63KB,false,KIS,,"[""Non-Renounceable Issue"", ""Cleansing Notice""]","[{""symbolDisplay"": ""KIS""}]","[{""symbol"": ""G6M"", ""xid"": ""142754"", ""ASXSecurityType"": 1, ""displayName"": ""GROUP 6 METALS LIMITED"", ""issueType"": ""CS"", ""issueTypeName"": ""Common Stock"", ""issueTypeCode"": 1, ""isin"": ""AU0000188021"", ""xidEntity"": 204150649}]","[""KIS"", """"]"
G6M,204150649,2995-01617207-2A853432,2015-04-19T23:59:47.000Z,Investor Update April 2015,1150KB,false,KIS,,"[""Progress Report - Other""]","[{""symbolDisplay"": ""KIS""}]","[{""symbol"": ""G6M"", ""xid"": ""142754"", ""ASXSecurityType"": 1, ""displayName"": ""GROUP 6 METALS LIMITED"", ""issueType"": ""CS"", ""issueTypeName"": ""Common Stock"", ""issueTypeCode"": 1, ""isin"": ""AU0000188021"", ""xidEntity"": 204150649}]","[""KIS"", """"]"
G6M,204150649,2995-01617206-2A853430,2015-04-19T23:59:37.000Z,"Non Renounceable Rights Offer to raise $1,866,000",63KB,true,KIS,,"[""Non-Renounceable Issue"", ""Progress Report""]","[{""symbolDisplay"": ""KIS""}]","[{""symbol"": ""G6M"", ""xid"": ""142754"", ""ASXSecurityType"": 1, ""displayName"": ""GROUP 6 METALS LIMITED"", ""issueType"": ""CS"", ""issueTypeName"": ""Common Stock"", ""issueTypeCode"": 1, ""isin"": ""AU0000188021"", ""xidEntity"": 204150649}]","[""KIS"", """"]"
G6M,204150649,2995-01610128-2A849123,2015-03-20T02:08:53.000Z,Appointment of Engineering Contractor,85KB,false,KIS,,"[""Company Administration - Other""]","[{""symbolDisplay"": ""KIS""}, {""symbolDisplay"": ""DOW""}]","[{""symbol"": ""G6M"", ""xid"": ""142754"", ""ASXSecurityType"": 1, ""displayName"": ""GROUP 6 METALS LIMITED"", ""issueType"": ""CS"", ""issueTypeName"": ""Common Stock"", ""issueTypeCode"": 1, ""isin"": ""AU0000188021"", ""xidEntity"": 204150649}]","[""KIS"", ""DOW"", """"]"
G6M,204150649,2995-01606461-2A847148,2015-03-08T23:33:26.000Z,Change of Director's Interest Notice - Jacobs,15KB,false,KIS,,"[""Change of Director's Interest Notice""]","[{""symbolDisplay"": ""KIS""}]","[{""symbol"": ""G6M"", ""xid"": ""142754"", ""ASXSecurityType"": 1, ""displayName"": ""GROUP 6 METALS LIMITED"", ""issueType"": ""CS"", ""issueTypeName"": ""Common Stock"", ""issueTypeCode"": 1, ""isin"": ""AU0000188021"", ""xidEntity"": 204150649}]","[""KIS"", """"]"
G6M,204150649,2995-01605792-2A846687,2015-03-05T04:40:14.000Z,Change of Director's Interest Notice Jacobs,15KB,false,KIS,,"[""Change of Director's Interest Notice""]","[{""symbolDisplay"": ""KIS""}]","[{""symbol"": ""G6M"", ""xid"": ""142754"", ""ASXSecurityType"": 1, ""displayName"": ""GROUP 6 METALS LIMITED"", ""issueType"": ""CS"", ""issueTypeName"": ""Common Stock"", ""issueTypeCode"": 1, ""isin"": ""AU0000188021"", ""xidEntity"": 204150649}]","[""KIS"", """"]"
G6M,204150649,2995-01605241-2A846314,2015-03-03T22:18:58.000Z,Change of Director's Interest Notice Jacobs,15KB,false,KIS,,"[""Change of Director's Interest Notice""]","[{""symbolDisplay"": ""KIS""}]","[{""symbol"": ""G6M"", ""xid"": ""142754"", ""ASXSecurityType"": 1, ""displayName"": ""GROUP 6 METALS LIMITED"", ""issueType"": ""CS"", ""issueTypeName"": ""Common Stock"", ""issueTypeCode"": 1, ""isin"": ""AU0000188021"", ""xidEntity"": 204150649}]","[""KIS"", """"]"
G6M,204150649,2995-01604744-2A846010,2015-03-02T07:39:05.000Z,Change of Director's Interest Notice Jacobs,15KB,false,KIS,,"[""Change of Director's Interest Notice""]","[{""symbolDisplay"": ""KIS""}]","[{""symbol"": ""G6M"", ""xid"": ""142754"", ""ASXSecurityType"": 1, ""displayName"": ""GROUP 6 METALS LIMITED"", ""issueType"": ""CS"", ""issueTypeName"": ""Common Stock"", ""issueTypeCode"": 1, ""isin"": ""AU0000188021"", ""xidEntity"": 204150649}]","[""KIS"", """"]"
G6M,204150649,2995-01603290-2A845081,2015-02-26T05:30:55.000Z,Becoming a substantial holder Coronica,898KB,false,KIS,,"[""Becoming a substantial holder""]","[{""symbolDisplay"": ""KIS""}]","[{""symbol"": ""G6M"", ""xid"": ""142754"", ""ASXSecurityType"": 1, ""displayName"": ""GROUP 6 METALS LIMITED"", ""issueType"": ""CS"", ""issueTypeName"": ""Common Stock"", ""issueTypeCode"": 1, ""isin"": ""AU0000188021"", ""xidEntity"": 204150649}]","[""KIS"", """"]"
G6M,204150649,2995-01602884-2A844821,2015-02-25T21:52:26.000Z,Company Update - Dolphin Project 100%,128KB,true,KIS,,"[""Progress Report""]","[{""symbolDisplay"": ""KIS""}]","[{""symbol"": ""G6M"", ""xid"": ""142754"", ""ASXSecurityType"": 1, ""displayName"": ""GROUP 6 METALS LIMITED"", ""issueType"": ""CS"", ""issueTypeName"": ""Common Stock"", ""issueTypeCode"": 1, ""isin"": ""AU0000188021"", ""xidEntity"": 204150649}]","[""KIS"", """"]"
G6M,204150649,2995-01600191-2A843200,2015-02-18T07:08:08.000Z,Half Year Accounts 31 December 2014,256KB,true,KIS,,"[""Top 20 shareholders"", ""Half Yearly Report"", ""Half Year Audit Review"", ""Half Year Directors' Statement"", ""Half Year Accounts"", ""Half Year Directors' Report""]","[{""symbolDisplay"": ""KIS""}]","[{""symbol"": ""G6M"", ""xid"": ""142754"", ""ASXSecurityType"": 1, ""displayName"": ""GROUP 6 METALS LIMITED"", ""issueType"": ""CS"", ""issueTypeName"": ""Common Stock"", ""issueTypeCode"": 1, ""isin"": ""AU0000188021"", ""xidEntity"": 204150649}]","[""KIS"", """"]"
G6M,204150649,2995-01594238-2A840106,2015-01-29T07:49:20.000Z,Quarterly Activities and Cash Flow Reports December 2014,158KB,true,KIS,,"[""Second Quarter Activities Report"", ""Second Quarter Cash Flow Report""]","[{""symbolDisplay"": ""KIS""}]","[{""symbol"": ""G6M"", ""xid"": ""142754"", ""ASXSecurityType"": 1, ""displayName"": ""GROUP 6 METALS LIMITED"", ""issueType"": ""CS"", ""issueTypeName"": ""Common Stock"", ""issueTypeCode"": 1, ""isin"": ""AU0000188021"", ""xidEntity"": 204150649}]","[""KIS"", """"]"
G6M,204150649,2995-01588980-2A837216,2014-12-31T04:41:19.000Z,Constitution,211KB,false,KIS,,"[""Constitution""]","[{""symbolDisplay"": ""KIS""}]","[{""symbol"": ""G6M"", ""xid"": ""142754"", ""ASXSecurityType"": 1, ""displayName"": ""GROUP 6 METALS LIMITED"", ""issueType"": ""CS"", ""issueTypeName"": ""Common Stock"", ""issueTypeCode"": 1, ""isin"": ""AU0000188021"", ""xidEntity"": 204150649}]","[""KIS"", """"]"
G6M,204150649,2995-01588803-2A837095,2014-12-30T07:24:23.000Z,Sale of Unmarketable Share Parcels,415KB,false,KIS,,"[""Issued Capital - Other"", ""Letter to Shareholders""]","[{""symbolDisplay"": ""KIS""}]","[{""symbol"": ""G6M"", ""xid"": ""142754"", ""ASXSecurityType"": 1, ""displayName"": ""GROUP 6 METALS LIMITED"", ""issueType"": ""CS"", ""issueTypeName"": ""Common Stock"", ""issueTypeCode"": 1, ""isin"": ""AU0000188021"", ""xidEntity"": 204150649}]","[""KIS"", """"]"
G6M,204150649,2995-01582282-2A833353,2014-12-04T23:00:51.000Z,Updated Resource and Reserve Statement,10048KB,true,KIS,,"[""Progress Report""]","[{""symbolDisplay"": ""KIS""}]","[{""symbol"": ""G6M"", ""xid"": ""142754"", ""ASXSecurityType"": 1, ""displayName"": ""GROUP 6 METALS LIMITED"", ""issueType"": ""CS"", ""issueTypeName"": ""Common Stock"", ""issueTypeCode"": 1, ""isin"": ""AU0000188021"", ""xidEntity"": 204150649}]","[""KIS"", """"]"
G6M,204150649,2995-01567930-2A825813,2014-10-29T01:21:20.000Z,Quarterly Activities and Cash Flow Reports 30 September 2014,197KB,true,KIS,,"[""First Quarter Activities Report"", ""First Quarter Cash Flow Report""]","[{""symbolDisplay"": ""KIS""}]","[{""symbol"": ""G6M"", ""xid"": ""142754"", ""ASXSecurityType"": 1, ""displayName"": ""GROUP 6 METALS LIMITED"", ""issueType"": ""CS"", ""issueTypeName"": ""Common Stock"", ""issueTypeCode"": 1, ""isin"": ""AU0000188021"", ""xidEntity"": 204150649}]","[""KIS"", """"]"
G6M,204150649,2995-01567907-2A825801,2014-10-29T00:48:18.000Z,Results of Meeting,27KB,false,KIS,,"[""Results of Meeting""]","[{""symbolDisplay"": ""KIS""}]","[{""symbol"": ""G6M"", ""xid"": ""142754"", ""ASXSecurityType"": 1, ""displayName"": ""GROUP 6 METALS LIMITED"", ""issueType"": ""CS"", ""issueTypeName"": ""Common Stock"", ""issueTypeCode"": 1, ""isin"": ""AU0000188021"", ""xidEntity"": 204150649}]","[""KIS"", """"]"
G6M,204150649,2995-01557402-2A820445,2014-09-29T23:35:36.000Z,Notice of Annual General Meeting/Proxy Form,214KB,false,KIS,,"[""Notice of Annual General Meeting"", ""Proxy Form""]","[{""symbolDisplay"": ""KIS""}]","[{""symbol"": ""G6M"", ""xid"": ""142754"", ""ASXSecurityType"": 1, ""displayName"": ""GROUP 6 METALS LIMITED"", ""issueType"": ""CS"", ""issueTypeName"": ""Common Stock"", ""issueTypeCode"": 1, ""isin"": ""AU0000188021"", ""xidEntity"": 204150649}]","[""KIS"", """"]"
G6M,204150649,2995-01555040-2A819099,2014-09-22T08:11:14.000Z,Investor Presentation,2144KB,false,KIS,,"[""Progress Report - Other""]","[{""symbolDisplay"": ""KIS""}]","[{""symbol"": ""G6M"", ""xid"": ""142754"", ""ASXSecurityType"": 1, ""displayName"": ""GROUP 6 METALS LIMITED"", ""issueType"": ""CS"", ""issueTypeName"": ""Common Stock"", ""issueTypeCode"": 1, ""isin"": ""AU0000188021"", ""xidEntity"": 204150649}]","[""KIS"", """"]"
G6M,204150649,2995-01549045-2A815493,2014-09-01T07:41:56.000Z,Change in substantial holding correction Chrysalis,2620KB,false,KIS,,"[""Change in substantial holding""]","[{""symbolDisplay"": ""KIS""}]","[{""symbol"": ""G6M"", ""xid"": ""142754"", ""ASXSecurityType"": 1, ""displayName"": ""GROUP 6 METALS LIMITED"", ""issueType"": ""CS"", ""issueTypeName"": ""Common Stock"", ""issueTypeCode"": 1, ""isin"": ""AU0000188021"", ""xidEntity"": 204150649}]","[""KIS"", """"]"
G6M,204150649,2995-01544995-2A812999,2014-08-21T08:39:59.000Z,Annual Financial Report June 2014,446KB,false,KIS,,"[""Annual Report"", ""Top 20 shareholders"", ""Full Year Accounts"", ""Full Year Audit Review"", ""Full Year Directors' Statement"", ""Full Year Directors' Report""]","[{""symbolDisplay"": ""KIS""}]","[{""symbol"": ""G6M"", ""xid"": ""142754"", ""ASXSecurityType"": 1, ""displayName"": ""GROUP 6 METALS LIMITED"", ""issueType"": ""CS"", ""issueTypeName"": ""Common Stock"", ""issueTypeCode"": 1, ""isin"": ""AU0000188021"", ""xidEntity"": 204150649}]","[""KIS"", """"]"
G6M,204150649,2995-01543947-2A812294,2014-08-19T08:34:52.000Z,Change in substantial holding correction Morritt,1033KB,false,KIS,,"[""Change in substantial holding""]","[{""symbolDisplay"": ""KIS""}]","[{""symbol"": ""G6M"", ""xid"": ""142754"", ""ASXSecurityType"": 1, ""displayName"": ""GROUP 6 METALS LIMITED"", ""issueType"": ""CS"", ""issueTypeName"": ""Common Stock"", ""issueTypeCode"": 1, ""isin"": ""AU0000188021"", ""xidEntity"": 204150649}]","[""KIS"", """"]"
G6M,204150649,2995-01543946-2A812293,2014-08-19T08:34:36.000Z,Change in substantial holding correction Chadwick,1330KB,false,KIS,,"[""Change in substantial holding""]","[{""symbolDisplay"": ""KIS""}]","[{""symbol"": ""G6M"", ""xid"": ""142754"", ""ASXSecurityType"": 1, ""displayName"": ""GROUP 6 METALS LIMITED"", ""issueType"": ""CS"", ""issueTypeName"": ""Common Stock"", ""issueTypeCode"": 1, ""isin"": ""AU0000188021"", ""xidEntity"": 204150649}]","[""KIS"", """"]"
G6M,204150649,2995-01543517-2A812042,2014-08-18T08:02:40.000Z,Change in substantial holding Haggarty,250KB,false,KIS,,"[""Change in substantial holding""]","[{""symbolDisplay"": ""KIS""}]","[{""symbol"": ""G6M"", ""xid"": ""142754"", ""ASXSecurityType"": 1, ""displayName"": ""GROUP 6 METALS LIMITED"", ""issueType"": ""CS"", ""issueTypeName"": ""Common Stock"", ""issueTypeCode"": 1, ""isin"": ""AU0000188021"", ""xidEntity"": 204150649}]","[""KIS"", """"]"
G6M,204150649,2995-01543088-2A811791,2014-08-15T08:13:46.000Z,Change of Director's Interest Notice & Corrections Jacobs,141KB,false,KIS,,"[""Change of Director's Interest Notice""]","[{""symbolDisplay"": ""KIS""}]","[{""symbol"": ""G6M"", ""xid"": ""142754"", ""ASXSecurityType"": 1, ""displayName"": ""GROUP 6 METALS LIMITED"", ""issueType"": ""CS"", ""issueTypeName"": ""Common Stock"", ""issueTypeCode"": 1, ""isin"": ""AU0000188021"", ""xidEntity"": 204150649}]","[""KIS"", """"]"
G6M,204150649,2995-01543087-2A811789,2014-08-15T08:08:53.000Z,Change of Director's Interest Notice Ellis,20KB,false,KIS,,"[""Change of Director's Interest Notice""]","[{""symbolDisplay"": ""KIS""}]","[{""symbol"": ""G6M"", ""xid"": ""142754"", ""ASXSecurityType"": 1, ""displayName"": ""GROUP 6 METALS LIMITED"", ""issueType"": ""CS"", ""issueTypeName"": ""Common Stock"", ""issueTypeCode"": 1, ""isin"": ""AU0000188021"", ""xidEntity"": 204150649}]","[""KIS"", """"]"
G6M,204150649,2995-01543081-2A811785,2014-08-15T08:05:13.000Z,Change of Director's Interest Notice Davies,26KB,false,KIS,,"[""Change of Director's Interest Notice""]","[{""symbolDisplay"": ""KIS""}]","[{""symbol"": ""G6M"", ""xid"": ""142754"", ""ASXSecurityType"": 1, ""displayName"": ""GROUP 6 METALS LIMITED"", ""issueType"": ""CS"", ""issueTypeName"": ""Common Stock"", ""issueTypeCode"": 1, ""isin"": ""AU0000188021"", ""xidEntity"": 204150649}]","[""KIS"", """"]"
G6M,204150649,2995-01542379-2A811304,2014-08-13T07:32:35.000Z,Change in substantial holding Chrysalis,296KB,false,KIS,,"[""Change in substantial holding""]","[{""symbolDisplay"": ""KIS""}]","[{""symbol"": ""G6M"", ""xid"": ""142754"", ""ASXSecurityType"": 1, ""displayName"": ""GROUP 6 METALS LIMITED"", ""issueType"": ""CS"", ""issueTypeName"": ""Common Stock"", ""issueTypeCode"": 1, ""isin"": ""AU0000188021"", ""xidEntity"": 204150649}]","[""KIS"", """"]"
G6M,204150649,2995-01542070-2A811136,2014-08-12T08:37:29.000Z,Change in substantial holding Chadwick,1723KB,false,KIS,,"[""Change in substantial holding""]","[{""symbolDisplay"": ""KIS""}]","[{""symbol"": ""G6M"", ""xid"": ""142754"", ""ASXSecurityType"": 1, ""displayName"": ""GROUP 6 METALS LIMITED"", ""issueType"": ""CS"", ""issueTypeName"": ""Common Stock"", ""issueTypeCode"": 1, ""isin"": ""AU0000188021"", ""xidEntity"": 204150649}]","[""KIS"", """"]"
G6M,204150649,2995-01541990-2A811081,2014-08-12T06:10:17.000Z,Change in substantial holding Morritt,233KB,false,KIS,,"[""Change in substantial holding""]","[{""symbolDisplay"": ""KIS""}]","[{""symbol"": ""G6M"", ""xid"": ""142754"", ""ASXSecurityType"": 1, ""displayName"": ""GROUP 6 METALS LIMITED"", ""issueType"": ""CS"", ""issueTypeName"": ""Common Stock"", ""issueTypeCode"": 1, ""isin"": ""AU0000188021"", ""xidEntity"": 204150649}]","[""KIS"", """"]"
G6M,204150649,2995-01541439-2A810748,2014-08-10T23:58:40.000Z,Appendix 3B,61KB,false,KIS,,"[""Appendix 3B""]","[{""symbolDisplay"": ""KIS""}]","[{""symbol"": ""G6M"", ""xid"": ""142754"", ""ASXSecurityType"": 1, ""displayName"": ""GROUP 6 METALS LIMITED"", ""issueType"": ""CS"", ""issueTypeName"": ""Common Stock"", ""issueTypeCode"": 1, ""isin"": ""AU0000188021"", ""xidEntity"": 204150649}]","[""KIS"", """"]"
G6M,204150649,2995-01540103-2A809935,2014-08-05T04:31:07.000Z,Rights Offer Closes with Strong Support,38KB,false,KIS,,"[""Non-Renounceable Issue""]","[{""symbolDisplay"": ""KIS""}]","[{""symbol"": ""G6M"", ""xid"": ""142754"", ""ASXSecurityType"": 1, ""displayName"": ""GROUP 6 METALS LIMITED"", ""issueType"": ""CS"", ""issueTypeName"": ""Common Stock"", ""issueTypeCode"": 1, ""isin"": ""AU0000188021"", ""xidEntity"": 204150649}]","[""KIS"", """"]"
G6M,204150649,2995-01539410-2A809540,2014-08-01T06:07:17.000Z,Becoming a substantial holder Haggarty,41KB,false,KIS,,"[""Becoming a substantial holder""]","[{""symbolDisplay"": ""KIS""}]","[{""symbol"": ""G6M"", ""xid"": ""142754"", ""ASXSecurityType"": 1, ""displayName"": ""GROUP 6 METALS LIMITED"", ""issueType"": ""CS"", ""issueTypeName"": ""Common Stock"", ""issueTypeCode"": 1, ""isin"": ""AU0000188021"", ""xidEntity"": 204150649}]","[""KIS"", """"]"
G6M,204150649,2995-01539409-2A809539,2014-08-01T06:06:27.000Z,Ceasing to be a substantial holder HFTT,38KB,false,KIS,,"[""Ceasing to be a substantial holder""]","[{""symbolDisplay"": ""KIS""}]","[{""symbol"": ""G6M"", ""xid"": ""142754"", ""ASXSecurityType"": 1, ""displayName"": ""GROUP 6 METALS LIMITED"", ""issueType"": ""CS"", ""issueTypeName"": ""Common Stock"", ""issueTypeCode"": 1, ""isin"": ""AU0000188021"", ""xidEntity"": 204150649}]","[""KIS"", """"]"
G6M,204150649,2995-01537722-2A808842,2014-07-30T06:04:18.000Z,Quarterly Activities and Cash Flow Reports 30 June 2014,273KB,true,KIS,,"[""Fourth Quarter Activities Report"", ""Fourth Quarter Cash Flow Report""]","[{""symbolDisplay"": ""KIS""}]","[{""symbol"": ""G6M"", ""xid"": ""142754"", ""ASXSecurityType"": 1, ""displayName"": ""GROUP 6 METALS LIMITED"", ""issueType"": ""CS"", ""issueTypeName"": ""Common Stock"", ""issueTypeCode"": 1, ""isin"": ""AU0000188021"", ""xidEntity"": 204150649}]","[""KIS"", """"]"
G6M,204150649,2995-01535698-2A807878,2014-07-23T07:13:09.000Z,Rights Issue Information Booklet Despatched,28KB,false,KIS,,"[""Non-Renounceable Issue"", ""Disclosure Document""]","[{""symbolDisplay"": ""KIS""}]","[{""symbol"": ""G6M"", ""xid"": ""142754"", ""ASXSecurityType"": 1, ""displayName"": ""GROUP 6 METALS LIMITED"", ""issueType"": ""CS"", ""issueTypeName"": ""Common Stock"", ""issueTypeCode"": 1, ""isin"": ""AU0000188021"", ""xidEntity"": 204150649}]","[""KIS"", """"]"
G6M,204150649,2995-01533759-2A806806,2014-07-15T06:16:57.000Z,Change of Director's Interest Notice Jacobs,24KB,false,KIS,,"[""Change of Director's Interest Notice""]","[{""symbolDisplay"": ""KIS""}]","[{""symbol"": ""G6M"", ""xid"": ""142754"", ""ASXSecurityType"": 1, ""displayName"": ""GROUP 6 METALS LIMITED"", ""issueType"": ""CS"", ""issueTypeName"": ""Common Stock"", ""issueTypeCode"": 1, ""isin"": ""AU0000188021"", ""xidEntity"": 204150649}]","[""KIS"", """"]"
G6M,204150649,2995-01533757-2A806804,2014-07-15T06:15:12.000Z,Change of Director's Interest Notice Ellis,22KB,false,KIS,,"[""Change of Director's Interest Notice""]","[{""symbolDisplay"": ""KIS""}]","[{""symbol"": ""G6M"", ""xid"": ""142754"", ""ASXSecurityType"": 1, ""displayName"": ""GROUP 6 METALS LIMITED"", ""issueType"": ""CS"", ""issueTypeName"": ""Common Stock"", ""issueTypeCode"": 1, ""isin"": ""AU0000188021"", ""xidEntity"": 204150649}]","[""KIS"", """"]"
G6M,204150649,2995-01533297-2A806557,2014-07-14T00:01:20.000Z,Letter to Option Holders,28KB,false,KIS,,"[""Non-Renounceable Issue"", ""Letter to Shareholders - Other""]","[{""symbolDisplay"": ""KIS""}]","[{""symbol"": ""G6M"", ""xid"": ""142754"", ""ASXSecurityType"": 1, ""displayName"": ""GROUP 6 METALS LIMITED"", ""issueType"": ""CS"", ""issueTypeName"": ""Common Stock"", ""issueTypeCode"": 1, ""isin"": ""AU0000188021"", ""xidEntity"": 204150649}]","[""KIS"", """"]"
G6M,204150649,2995-01533293-2A806555,2014-07-13T23:58:19.000Z,Letter to Ineligible Shareholders,38KB,false,KIS,,"[""Non-Renounceable Issue"", ""Letter to Shareholders""]","[{""symbolDisplay"": ""KIS""}]","[{""symbol"": ""G6M"", ""xid"": ""142754"", ""ASXSecurityType"": 1, ""displayName"": ""GROUP 6 METALS LIMITED"", ""issueType"": ""CS"", ""issueTypeName"": ""Common Stock"", ""issueTypeCode"": 1, ""isin"": ""AU0000188021"", ""xidEntity"": 204150649}]","[""KIS"", """"]"
G6M,204150649,2995-01533291-2A806549,2014-07-13T23:56:02.000Z,Appendix 3B Non-Renounceable Rights Offer,61KB,false,KIS,,"[""Non-Renounceable Issue"", ""Appendix 3B""]","[{""symbolDisplay"": ""KIS""}]","[{""symbol"": ""G6M"", ""xid"": ""142754"", ""ASXSecurityType"": 1, ""displayName"": ""GROUP 6 METALS LIMITED"", ""issueType"": ""CS"", ""issueTypeName"": ""Common Stock"", ""issueTypeCode"": 1, ""isin"": ""AU0000188021"", ""xidEntity"": 204150649}]","[""KIS"", """"]"
G6M,204150649,2995-01533290-2A806548,2014-07-13T23:55:37.000Z,Rights Issue Information Booklet,597KB,true,KIS,,"[""Non-Renounceable Issue"", ""Disclosure Document""]","[{""symbolDisplay"": ""KIS""}]","[{""symbol"": ""G6M"", ""xid"": ""142754"", ""ASXSecurityType"": 1, ""displayName"": ""GROUP 6 METALS LIMITED"", ""issueType"": ""CS"", ""issueTypeName"": ""Common Stock"", ""issueTypeCode"": 1, ""isin"": ""AU0000188021"", ""xidEntity"": 204150649}]","[""KIS"", """"]"
G6M,204150649,2995-01533286-2A806538,2014-07-13T23:52:02.000Z,Rights Issue Cleansing Notice,71KB,false,KIS,,"[""Non-Renounceable Issue"", ""Cleansing Notice""]","[{""symbolDisplay"": ""KIS""}]","[{""symbol"": ""G6M"", ""xid"": ""142754"", ""ASXSecurityType"": 1, ""displayName"": ""GROUP 6 METALS LIMITED"", ""issueType"": ""CS"", ""issueTypeName"": ""Common Stock"", ""issueTypeCode"": 1, ""isin"": ""AU0000188021"", ""xidEntity"": 204150649}]","[""KIS"", """"]"
G6M,204150649,2995-01533284-2A806537,2014-07-13T23:51:55.000Z,Investor Update July 2014,1198KB,false,KIS,,"[""Progress Report - Other""]","[{""symbolDisplay"": ""KIS""}]","[{""symbol"": ""G6M"", ""xid"": ""142754"", ""ASXSecurityType"": 1, ""displayName"": ""GROUP 6 METALS LIMITED"", ""issueType"": ""CS"", ""issueTypeName"": ""Common Stock"", ""issueTypeCode"": 1, ""isin"": ""AU0000188021"", ""xidEntity"": 204150649}]","[""KIS"", """"]"
G6M,204150649,2995-01533283-2A806542,2014-07-13T23:51:05.000Z,"Non Renounceable Rights Offer to raise $2,027,000",60KB,true,KIS,,"[""Non-Renounceable Issue"", ""Trading Halt""]","[{""symbolDisplay"": ""KIS""}]","[{""symbol"": ""G6M"", ""xid"": ""142754"", ""ASXSecurityType"": 1, ""displayName"": ""GROUP 6 METALS LIMITED"", ""issueType"": ""CS"", ""issueTypeName"": ""Common Stock"", ""issueTypeCode"": 1, ""isin"": ""AU0000188021"", ""xidEntity"": 204150649}]","[""KIS"", """"]"
G6M,204150649,2995-01533277-2A806533,2014-07-13T23:46:07.000Z,Updated Resources Statement,1193KB,true,KIS,,"[""Progress Report""]","[{""symbolDisplay"": ""KIS""}]","[{""symbol"": ""G6M"", ""xid"": ""142754"", ""ASXSecurityType"": 1, ""displayName"": ""GROUP 6 METALS LIMITED"", ""issueType"": ""CS"", ""issueTypeName"": ""Common Stock"", ""issueTypeCode"": 1, ""isin"": ""AU0000188021"", ""xidEntity"": 204150649}]","[""KIS"", """"]"
G6M,204150649,2995-01532987-2A806360,2014-07-11T00:00:22.000Z,Trading Halt,54KB,true,KIS,,"[""Trading Halt""]","[{""symbolDisplay"": ""KIS""}]","[{""symbol"": ""G6M"", ""xid"": ""142754"", ""ASXSecurityType"": 1, ""displayName"": ""GROUP 6 METALS LIMITED"", ""issueType"": ""CS"", ""issueTypeName"": ""Common Stock"", ""issueTypeCode"": 1, ""isin"": ""AU0000188021"", ""xidEntity"": 204150649}]","[""KIS"", """"]"
G6M,204150649,2995-01525371-2A801644,2014-06-13T06:50:40.000Z,Dolphin Mining Lease Granted,96KB,true,KIS,,"[""Progress Report""]","[{""symbolDisplay"": ""KIS""}]","[{""symbol"": ""G6M"", ""xid"": ""142754"", ""ASXSecurityType"": 1, ""displayName"": ""GROUP 6 METALS LIMITED"", ""issueType"": ""CS"", ""issueTypeName"": ""Common Stock"", ""issueTypeCode"": 1, ""isin"": ""AU0000188021"", ""xidEntity"": 204150649}]","[""KIS"", """"]"
G6M,204150649,2995-01516443-2A796538,2014-05-08T08:27:59.000Z,Change of Director's Interest Notice Ellis,72KB,false,KIS,,"[""Change of Director's Interest Notice""]","[{""symbolDisplay"": ""KIS""}]","[{""symbol"": ""G6M"", ""xid"": ""142754"", ""ASXSecurityType"": 1, ""displayName"": ""GROUP 6 METALS LIMITED"", ""issueType"": ""CS"", ""issueTypeName"": ""Common Stock"", ""issueTypeCode"": 1, ""isin"": ""AU0000188021"", ""xidEntity"": 204150649}]","[""KIS"", """"]"
G6M,204150649,2995-01513508-2A795011,2014-04-30T05:28:42.000Z,Quarterly Activities and Cash Flow Reports 31 March 2014,238KB,true,KIS,,"[""Third Quarter Activities Report"", ""Third Quarter Cash Flow Report""]","[{""symbolDisplay"": ""KIS""}]","[{""symbol"": ""G6M"", ""xid"": ""142754"", ""ASXSecurityType"": 1, ""displayName"": ""GROUP 6 METALS LIMITED"", ""issueType"": ""CS"", ""issueTypeName"": ""Common Stock"", ""issueTypeCode"": 1, ""isin"": ""AU0000188021"", ""xidEntity"": 204150649}]","[""KIS"", """"]"
G6M,204150649,2995-01513450-2A794985,2014-04-30T05:02:34.000Z,Research Report Published,96KB,false,KIS,,"[""Progress Report - Other""]","[{""symbolDisplay"": ""KIS""}]","[{""symbol"": ""G6M"", ""xid"": ""142754"", ""ASXSecurityType"": 1, ""displayName"": ""GROUP 6 METALS LIMITED"", ""issueType"": ""CS"", ""issueTypeName"": ""Common Stock"", ""issueTypeCode"": 1, ""isin"": ""AU0000188021"", ""xidEntity"": 204150649}]","[""KIS"", """"]"
G6M,204150649,2995-01508080-2A792329,2014-04-09T22:54:45.000Z,Corrected Dolphin and Bold Head Project Development Update,148KB,false,KIS,,"[""Progress Report""]","[{""symbolDisplay"": ""KIS""}]","[{""symbol"": ""G6M"", ""xid"": ""142754"", ""ASXSecurityType"": 1, ""displayName"": ""GROUP 6 METALS LIMITED"", ""issueType"": ""CS"", ""issueTypeName"": ""Common Stock"", ""issueTypeCode"": 1, ""isin"": ""AU0000188021"", ""xidEntity"": 204150649}]","[""KIS"", """"]"
G6M,204150649,2995-01508047-2A792287,2014-04-09T22:26:41.000Z,Dolphin and Bold Head Project Development Update,148KB,true,KIS,,"[""Progress Report""]","[{""symbolDisplay"": ""KIS""}]","[{""symbol"": ""G6M"", ""xid"": ""142754"", ""ASXSecurityType"": 1, ""displayName"": ""GROUP 6 METALS LIMITED"", ""issueType"": ""CS"", ""issueTypeName"": ""Common Stock"", ""issueTypeCode"": 1, ""isin"": ""AU0000188021"", ""xidEntity"": 204150649}]","[""KIS"", """"]"
G6M,204150649,2995-01503758-2A789798,2014-03-25T01:18:21.000Z,Change of Director's Interest Notice Davies,28KB,false,KIS,,"[""Change of Director's Interest Notice""]","[{""symbolDisplay"": ""KIS""}]","[{""symbol"": ""G6M"", ""xid"": ""142754"", ""ASXSecurityType"": 1, ""displayName"": ""GROUP 6 METALS LIMITED"", ""issueType"": ""CS"", ""issueTypeName"": ""Common Stock"", ""issueTypeCode"": 1, ""isin"": ""AU0000188021"", ""xidEntity"": 204150649}]","[""KIS"", """"]"
G6M,204150649,2995-01497761-2A786310,2014-03-04T03:18:31.000Z,Change of Director's Interest Notice Jacobs,76KB,false,KIS,,"[""Change of Director's Interest Notice""]","[{""symbolDisplay"": ""KIS""}]","[{""symbol"": ""G6M"", ""xid"": ""142754"", ""ASXSecurityType"": 1, ""displayName"": ""GROUP 6 METALS LIMITED"", ""issueType"": ""CS"", ""issueTypeName"": ""Common Stock"", ""issueTypeCode"": 1, ""isin"": ""AU0000188021"", ""xidEntity"": 204150649}]","[""KIS"", """"]"
G6M,204150649,2995-01494728-2A784393,2014-02-24T22:25:08.000Z,Half Year Accounts December 2013,277KB,true,KIS,,"[""Top 20 shareholders"", ""Half Yearly Report"", ""Half Year Audit Review"", ""Half Year Directors' Statement"", ""Half Year Accounts"", ""Half Year Directors' Report""]","[{""symbolDisplay"": ""KIS""}]","[{""symbol"": ""G6M"", ""xid"": ""142754"", ""ASXSecurityType"": 1, ""displayName"": ""GROUP 6 METALS LIMITED"", ""issueType"": ""CS"", ""issueTypeName"": ""Common Stock"", ""issueTypeCode"": 1, ""isin"": ""AU0000188021"", ""xidEntity"": 204150649}]","[""KIS"", """"]"
G6M,204150649,2995-01487682-2A780276,2014-01-31T04:15:25.000Z,Revised Quarterly Activities Report December 2013,147KB,false,KIS,,"[""Second Quarter Activities Report""]","[{""symbolDisplay"": ""KIS""}]","[{""symbol"": ""G6M"", ""xid"": ""142754"", ""ASXSecurityType"": 1, ""displayName"": ""GROUP 6 METALS LIMITED"", ""issueType"": ""CS"", ""issueTypeName"": ""Common Stock"", ""issueTypeCode"": 1, ""isin"": ""AU0000188021"", ""xidEntity"": 204150649}]","[""KIS"", """"]"
G6M,204150649,2995-01485863-2A779353,2014-01-28T04:24:19.000Z,Quarterly Activities and Cash Flow Reports 31 Dec 2013,179KB,true,KIS,,"[""Second Quarter Activities Report"", ""Second Quarter Cash Flow Report""]","[{""symbolDisplay"": ""KIS""}]","[{""symbol"": ""G6M"", ""xid"": ""142754"", ""ASXSecurityType"": 1, ""displayName"": ""GROUP 6 METALS LIMITED"", ""issueType"": ""CS"", ""issueTypeName"": ""Common Stock"", ""issueTypeCode"": 1, ""isin"": ""AU0000188021"", ""xidEntity"": 204150649}]","[""KIS"", """"]"
G6M,204150649,2995-01483274-2A777931,2014-01-14T22:01:56.000Z,Bold Head and Dolphin West Resource Delineation Drilling,2675KB,true,KIS,,"[""Progress Report""]","[{""symbolDisplay"": ""KIS""}]","[{""symbol"": ""G6M"", ""xid"": ""142754"", ""ASXSecurityType"": 1, ""displayName"": ""GROUP 6 METALS LIMITED"", ""issueType"": ""CS"", ""issueTypeName"": ""Common Stock"", ""issueTypeCode"": 1, ""isin"": ""AU0000188021"", ""xidEntity"": 204150649}]","[""KIS"", """"]"
G6M,204150649,2995-01474649-2A772569,2013-12-06T04:29:10.000Z,Change of Director's Interest Notice Davies,73KB,false,KIS,,"[""Change of Director's Interest Notice""]","[{""symbolDisplay"": ""KIS""}]","[{""symbol"": ""G6M"", ""xid"": ""142754"", ""ASXSecurityType"": 1, ""displayName"": ""GROUP 6 METALS LIMITED"", ""issueType"": ""CS"", ""issueTypeName"": ""Common Stock"", ""issueTypeCode"": 1, ""isin"": ""AU0000188021"", ""xidEntity"": 204150649}]","[""KIS"", """"]"
G6M,204150649,2995-01474647-2A772568,2013-12-06T04:27:09.000Z,Change of Director's Interest Notice Jacobs,73KB,false,KIS,,"[""Change of Director's Interest Notice""]","[{""symbolDisplay"": ""KIS""}]","[{""symbol"": ""G6M"", ""xid"": ""142754"", ""ASXSecurityType"": 1, ""displayName"": ""GROUP 6 METALS LIMITED"", ""issueType"": ""CS"", ""issueTypeName"": ""Common Stock"", ""issueTypeCode"": 1, ""isin"": ""AU0000188021"", ""xidEntity"": 204150649}]","[""KIS"", """"]"
G6M,204150649,2995-01474645-2A772565,2013-12-06T04:20:36.000Z,Appendix 3B,118KB,false,KIS,,"[""Appendix 3B""]","[{""symbolDisplay"": ""KIS""}]","[{""symbol"": ""G6M"", ""xid"": ""142754"", ""ASXSecurityType"": 1, ""displayName"": ""GROUP 6 METALS LIMITED"", ""issueType"": ""CS"", ""issueTypeName"": ""Common Stock"", ""issueTypeCode"": 1, ""isin"": ""AU0000188021"", ""xidEntity"": 204150649}]","[""KIS"", """"]"
G6M,204150649,2995-01466089-2A767938,2013-11-15T00:45:57.000Z,Results of Annual General Meeting,55KB,false,KIS,,"[""Results of Meeting""]","[{""symbolDisplay"": ""KIS""}]","[{""symbol"": ""G6M"", ""xid"": ""142754"", ""ASXSecurityType"": 1, ""displayName"": ""GROUP 6 METALS LIMITED"", ""issueType"": ""CS"", ""issueTypeName"": ""Common Stock"", ""issueTypeCode"": 1, ""isin"": ""AU0000188021"", ""xidEntity"": 204150649}]","[""KIS"", """"]"
G6M,204150649,2995-01460905-2A764980,2013-10-31T03:42:34.000Z,Quarterly Activities and Cash Flow Reports Sept 2013,186KB,true,KIS,,"[""First Quarter Activities Report"", ""First Quarter Cash Flow Report""]","[{""symbolDisplay"": ""KIS""}]","[{""symbol"": ""G6M"", ""xid"": ""142754"", ""ASXSecurityType"": 1, ""displayName"": ""GROUP 6 METALS LIMITED"", ""issueType"": ""CS"", ""issueTypeName"": ""Common Stock"", ""issueTypeCode"": 1, ""isin"": ""AU0000188021"", ""xidEntity"": 204150649}]","[""KIS"", """"]"
G6M,204150649,2995-01458800-2A764006,2013-10-28T22:19:15.000Z,Resource Extension Drilling Commences,39KB,true,KIS,,"[""Progress Report""]","[{""symbolDisplay"": ""KIS""}]","[{""symbol"": ""G6M"", ""xid"": ""142754"", ""ASXSecurityType"": 1, ""displayName"": ""GROUP 6 METALS LIMITED"", ""issueType"": ""CS"", ""issueTypeName"": ""Common Stock"", ""issueTypeCode"": 1, ""isin"": ""AU0000188021"", ""xidEntity"": 204150649}]","[""KIS"", """"]"
G6M,204150649,2995-01452637-2A760802,2013-10-11T05:41:01.000Z,Notice of Annual General Meeting/Proxy Form,218KB,false,KIS,,"[""Notice of Annual General Meeting"", ""Proxy Form""]","[{""symbolDisplay"": ""KIS""}]","[{""symbol"": ""G6M"", ""xid"": ""142754"", ""ASXSecurityType"": 1, ""displayName"": ""GROUP 6 METALS LIMITED"", ""issueType"": ""CS"", ""issueTypeName"": ""Common Stock"", ""issueTypeCode"": 1, ""isin"": ""AU0000188021"", ""xidEntity"": 204150649}]","[""KIS"", """"]"
G6M,204150649,2995-01449533-2A758902,2013-10-01T08:01:43.000Z,Final Director's Interest Notice Morritt,11KB,false,KIS,,"[""Final Director's Interest Notice""]","[{""symbolDisplay"": ""KIS""}]","[{""symbol"": ""G6M"", ""xid"": ""142754"", ""ASXSecurityType"": 1, ""displayName"": ""GROUP 6 METALS LIMITED"", ""issueType"": ""CS"", ""issueTypeName"": ""Common Stock"", ""issueTypeCode"": 1, ""isin"": ""AU0000188021"", ""xidEntity"": 204150649}]","[""KIS"", """"]"
G6M,204150649,2995-01449529-2A758901,2013-10-01T07:58:59.000Z,Initial Director's Interest Notice Davies,18KB,false,KIS,,"[""Initial Director's Interest Notice""]","[{""symbolDisplay"": ""KIS""}]","[{""symbol"": ""G6M"", ""xid"": ""142754"", ""ASXSecurityType"": 1, ""displayName"": ""GROUP 6 METALS LIMITED"", ""issueType"": ""CS"", ""issueTypeName"": ""Common Stock"", ""issueTypeCode"": 1, ""isin"": ""AU0000188021"", ""xidEntity"": 204150649}]","[""KIS"", """"]"
G6M,204150649,2995-01448916-2A758563,2013-09-30T06:56:47.000Z,Change of Directors,39KB,false,KIS,,"[""Director Appointment/Resignation""]","[{""symbolDisplay"": ""KIS""}]","[{""symbol"": ""G6M"", ""xid"": ""142754"", ""ASXSecurityType"": 1, ""displayName"": ""GROUP 6 METALS LIMITED"", ""issueType"": ""CS"", ""issueTypeName"": ""Common Stock"", ""issueTypeCode"": 1, ""isin"": ""AU0000188021"", ""xidEntity"": 204150649}]","[""KIS"", """"]"
G6M,204150649,2995-01439065-2A752826,2013-08-29T09:15:29.000Z,Annual Financial Report June 2013,533KB,false,KIS,,"[""Top 20 shareholders"", ""Full Year Accounts"", ""Full Year Audit Review"", ""Full Year Directors' Statement"", ""Full Year Directors' Report""]","[{""symbolDisplay"": ""KIS""}]","[{""symbol"": ""G6M"", ""xid"": ""142754"", ""ASXSecurityType"": 1, ""displayName"": ""GROUP 6 METALS LIMITED"", ""issueType"": ""CS"", ""issueTypeName"": ""Common Stock"", ""issueTypeCode"": 1, ""isin"": ""AU0000188021"", ""xidEntity"": 204150649}]","[""KIS"", """"]"
G6M,204150649,2995-01433130-2A749190,2013-08-12T22:41:36.000Z,Final Director's Interest Notice Bird,11KB,false,KIS,,"[""Final Director's Interest Notice""]","[{""symbolDisplay"": ""KIS""}]","[{""symbol"": ""G6M"", ""xid"": ""142754"", ""ASXSecurityType"": 1, ""displayName"": ""GROUP 6 METALS LIMITED"", ""issueType"": ""CS"", ""issueTypeName"": ""Common Stock"", ""issueTypeCode"": 1, ""isin"": ""AU0000188021"", ""xidEntity"": 204150649}]","[""KIS"", """"]"
G6M,204150649,2995-01426652-2A745824,2013-07-22T01:37:34.000Z,Quarterly Activities and Cash Flow Reports 30 June 2013,255KB,true,KIS,,"[""Fourth Quarter Activities Report"", ""Fourth Quarter Cash Flow Report""]","[{""symbolDisplay"": ""KIS""}]","[{""symbol"": ""G6M"", ""xid"": ""142754"", ""ASXSecurityType"": 1, ""displayName"": ""GROUP 6 METALS LIMITED"", ""issueType"": ""CS"", ""issueTypeName"": ""Common Stock"", ""issueTypeCode"": 1, ""isin"": ""AU0000188021"", ""xidEntity"": 204150649}]","[""KIS"", """"]"
G6M,204150649,2995-01425858-2A745359,2013-07-17T08:23:31.000Z,Change in substantial holding HFTT,233KB,false,KIS,,"[""Change in substantial holding""]","[{""symbolDisplay"": ""KIS""}]","[{""symbol"": ""G6M"", ""xid"": ""142754"", ""ASXSecurityType"": 1, ""displayName"": ""GROUP 6 METALS LIMITED"", ""issueType"": ""CS"", ""issueTypeName"": ""Common Stock"", ""issueTypeCode"": 1, ""isin"": ""AU0000188021"", ""xidEntity"": 204150649}]","[""KIS"", """"]"
G6M,204150649,2995-01425857-2A745358,2013-07-17T08:23:16.000Z,Change in substantial holding Morritt,959KB,false,KIS,,"[""Change in substantial holding""]","[{""symbolDisplay"": ""KIS""}]","[{""symbol"": ""G6M"", ""xid"": ""142754"", ""ASXSecurityType"": 1, ""displayName"": ""GROUP 6 METALS LIMITED"", ""issueType"": ""CS"", ""issueTypeName"": ""Common Stock"", ""issueTypeCode"": 1, ""isin"": ""AU0000188021"", ""xidEntity"": 204150649}]","[""KIS"", """"]"
G6M,204150649,2995-01425855-2A745357,2013-07-17T08:18:38.000Z,Change in substantial holding Chrysalis,150KB,false,KIS,,"[""Change in substantial holding""]","[{""symbolDisplay"": ""KIS""}]","[{""symbol"": ""G6M"", ""xid"": ""142754"", ""ASXSecurityType"": 1, ""displayName"": ""GROUP 6 METALS LIMITED"", ""issueType"": ""CS"", ""issueTypeName"": ""Common Stock"", ""issueTypeCode"": 1, ""isin"": ""AU0000188021"", ""xidEntity"": 204150649}]","[""KIS"", """"]"
G6M,204150649,2995-01425854-2A745356,2013-07-17T08:17:00.000Z,Change in substantial holding Chadwick,1834KB,false,KIS,,"[""Change in substantial holding""]","[{""symbolDisplay"": ""KIS""}]","[{""symbol"": ""G6M"", ""xid"": ""142754"", ""ASXSecurityType"": 1, ""displayName"": ""GROUP 6 METALS LIMITED"", ""issueType"": ""CS"", ""issueTypeName"": ""Common Stock"", ""issueTypeCode"": 1, ""isin"": ""AU0000188021"", ""xidEntity"": 204150649}]","[""KIS"", """"]"
G6M,204150649,2995-01425852-2A745355,2013-07-17T08:14:00.000Z,Change of Director's Interest Notice Bird,74KB,false,KIS,,"[""Change of Director's Interest Notice""]","[{""symbolDisplay"": ""KIS""}]","[{""symbol"": ""G6M"", ""xid"": ""142754"", ""ASXSecurityType"": 1, ""displayName"": ""GROUP 6 METALS LIMITED"", ""issueType"": ""CS"", ""issueTypeName"": ""Common Stock"", ""issueTypeCode"": 1, ""isin"": ""AU0000188021"", ""xidEntity"": 204150649}]","[""KIS"", """"]"
G6M,204150649,2995-01425850-2A745353,2013-07-17T08:13:27.000Z,Change of Director's Interest Notice Ellis,73KB,false,KIS,,"[""Change of Director's Interest Notice""]","[{""symbolDisplay"": ""KIS""}]","[{""symbol"": ""G6M"", ""xid"": ""142754"", ""ASXSecurityType"": 1, ""displayName"": ""GROUP 6 METALS LIMITED"", ""issueType"": ""CS"", ""issueTypeName"": ""Common Stock"", ""issueTypeCode"": 1, ""isin"": ""AU0000188021"", ""xidEntity"": 204150649}]","[""KIS"", """"]"
G6M,204150649,2995-01425849-2A745352,2013-07-17T08:11:36.000Z,Change of Director's Interest Notice Morritt,72KB,false,KIS,,"[""Change of Director's Interest Notice""]","[{""symbolDisplay"": ""KIS""}]","[{""symbol"": ""G6M"", ""xid"": ""142754"", ""ASXSecurityType"": 1, ""displayName"": ""GROUP 6 METALS LIMITED"", ""issueType"": ""CS"", ""issueTypeName"": ""Common Stock"", ""issueTypeCode"": 1, ""isin"": ""AU0000188021"", ""xidEntity"": 204150649}]","[""KIS"", """"]"
G6M,204150649,2995-01425848-2A745351,2013-07-17T08:08:52.000Z,Change of Director's Interest Notice Jacobs,73KB,false,KIS,,"[""Change of Director's Interest Notice""]","[{""symbolDisplay"": ""KIS""}]","[{""symbol"": ""G6M"", ""xid"": ""142754"", ""ASXSecurityType"": 1, ""displayName"": ""GROUP 6 METALS LIMITED"", ""issueType"": ""CS"", ""issueTypeName"": ""Common Stock"", ""issueTypeCode"": 1, ""isin"": ""AU0000188021"", ""xidEntity"": 204150649}]","[""KIS"", """"]"
G6M,204150649,2995-01425170-2A744945,2013-07-15T07:45:38.000Z,CEO leaves Company,28KB,true,KIS,,"[""Company Administration - Other""]","[{""symbolDisplay"": ""KIS""}]","[{""symbol"": ""G6M"", ""xid"": ""142754"", ""ASXSecurityType"": 1, ""displayName"": ""GROUP 6 METALS LIMITED"", ""issueType"": ""CS"", ""issueTypeName"": ""Common Stock"", ""issueTypeCode"": 1, ""isin"": ""AU0000188021"", ""xidEntity"": 204150649}]","[""KIS"", """"]"
G6M,204150649,2995-01425165-2A744941,2013-07-15T07:30:13.000Z,Change in substantial holding Morritt,959KB,false,KIS,,"[""Change in substantial holding""]","[{""symbolDisplay"": ""KIS""}]","[{""symbol"": ""G6M"", ""xid"": ""142754"", ""ASXSecurityType"": 1, ""displayName"": ""GROUP 6 METALS LIMITED"", ""issueType"": ""CS"", ""issueTypeName"": ""Common Stock"", ""issueTypeCode"": 1, ""isin"": ""AU0000188021"", ""xidEntity"": 204150649}]","[""KIS"", """"]"
G6M,204150649,2995-01425139-2A744915,2013-07-15T06:30:56.000Z,Ceasing to be a substantial holder Ranamok,153KB,false,KIS,,"[""Ceasing to be a substantial holder""]","[{""symbolDisplay"": ""KIS""}]","[{""symbol"": ""G6M"", ""xid"": ""142754"", ""ASXSecurityType"": 1, ""displayName"": ""GROUP 6 METALS LIMITED"", ""issueType"": ""CS"", ""issueTypeName"": ""Common Stock"", ""issueTypeCode"": 1, ""isin"": ""AU0000188021"", ""xidEntity"": 204150649}]","[""KIS"", """"]"
G6M,204150649,2995-01425138-2A744914,2013-07-15T06:27:52.000Z,Change in substantial holding  - HFTT,234KB,false,KIS,,"[""Change in substantial holding""]","[{""symbolDisplay"": ""KIS""}]","[{""symbol"": ""G6M"", ""xid"": ""142754"", ""ASXSecurityType"": 1, ""displayName"": ""GROUP 6 METALS LIMITED"", ""issueType"": ""CS"", ""issueTypeName"": ""Common Stock"", ""issueTypeCode"": 1, ""isin"": ""AU0000188021"", ""xidEntity"": 204150649}]","[""KIS"", """"]"
G6M,204150649,2995-01425137-2A744913,2013-07-15T06:27:14.000Z,Change in substantial holding -  Chrysalis,341KB,false,KIS,,"[""Change in substantial holding""]","[{""symbolDisplay"": ""KIS""}]","[{""symbol"": ""G6M"", ""xid"": ""142754"", ""ASXSecurityType"": 1, ""displayName"": ""GROUP 6 METALS LIMITED"", ""issueType"": ""CS"", ""issueTypeName"": ""Common Stock"", ""issueTypeCode"": 1, ""isin"": ""AU0000188021"", ""xidEntity"": 204150649}]","[""KIS"", """"]"
G6M,204150649,2995-01425136-2A744911,2013-07-15T06:25:15.000Z,Change in substantial holding,2066KB,false,KIS,,"[""Change in substantial holding""]","[{""symbolDisplay"": ""KIS""}]","[{""symbol"": ""G6M"", ""xid"": ""142754"", ""ASXSecurityType"": 1, ""displayName"": ""GROUP 6 METALS LIMITED"", ""issueType"": ""CS"", ""issueTypeName"": ""Common Stock"", ""issueTypeCode"": 1, ""isin"": ""AU0000188021"", ""xidEntity"": 204150649}]","[""KIS"", """"]"
G6M,204150649,2995-01424384-2A744483,2013-07-11T00:15:20.000Z,Appendix 3B,60KB,false,KIS,,"[""Non-Renounceable Issue"", ""Appendix 3B""]","[{""symbolDisplay"": ""KIS""}]","[{""symbol"": ""G6M"", ""xid"": ""142754"", ""ASXSecurityType"": 1, ""displayName"": ""GROUP 6 METALS LIMITED"", ""issueType"": ""CS"", ""issueTypeName"": ""Common Stock"", ""issueTypeCode"": 1, ""isin"": ""AU0000188021"", ""xidEntity"": 204150649}]","[""KIS"", """"]"
G6M,204150649,2995-01423647-2A744042,2013-07-08T07:57:06.000Z,Rights Offer Closes,24KB,false,KIS,,"[""Non-Renounceable Issue"", ""Progress Report - Other""]","[{""symbolDisplay"": ""KIS""}]","[{""symbol"": ""G6M"", ""xid"": ""142754"", ""ASXSecurityType"": 1, ""displayName"": ""GROUP 6 METALS LIMITED"", ""issueType"": ""CS"", ""issueTypeName"": ""Common Stock"", ""issueTypeCode"": 1, ""isin"": ""AU0000188021"", ""xidEntity"": 204150649}]","[""KIS"", """"]"
G6M,204150649,2995-01414019-2A738257,2013-05-31T07:06:09.000Z,Change of Director's Interest Notice Jacobs,72KB,false,KIS,,"[""Change of Director's Interest Notice""]","[{""symbolDisplay"": ""KIS""}]","[{""symbol"": ""G6M"", ""xid"": ""142754"", ""ASXSecurityType"": 1, ""displayName"": ""GROUP 6 METALS LIMITED"", ""issueType"": ""CS"", ""issueTypeName"": ""Common Stock"", ""issueTypeCode"": 1, ""isin"": ""AU0000188021"", ""xidEntity"": 204150649}]","[""KIS"", """"]"
G6M,204150649,2995-01414016-2A738256,2013-05-31T07:00:05.000Z,Change of Director's Interest Notice Ellis,72KB,false,KIS,,"[""Change of Director's Interest Notice""]","[{""symbolDisplay"": ""KIS""}]","[{""symbol"": ""G6M"", ""xid"": ""142754"", ""ASXSecurityType"": 1, ""displayName"": ""GROUP 6 METALS LIMITED"", ""issueType"": ""CS"", ""issueTypeName"": ""Common Stock"", ""issueTypeCode"": 1, ""isin"": ""AU0000188021"", ""xidEntity"": 204150649}]","[""KIS"", """"]"
G6M,204150649,2995-01413522-2A737994,2013-05-30T04:57:30.000Z,Rights Issue Offer Timetable Update,28KB,false,KIS,,"[""Non-Renounceable Issue"", ""Progress Report""]","[{""symbolDisplay"": ""KIS""}]","[{""symbol"": ""G6M"", ""xid"": ""142754"", ""ASXSecurityType"": 1, ""displayName"": ""GROUP 6 METALS LIMITED"", ""issueType"": ""CS"", ""issueTypeName"": ""Common Stock"", ""issueTypeCode"": 1, ""isin"": ""AU0000188021"", ""xidEntity"": 204150649}]","[""KIS"", """"]"
G6M,204150649,2995-01413261-2A737831,2013-05-29T08:19:10.000Z,Letter to Ineligible Shareholders,38KB,false,KIS,,"[""Non-Renounceable Issue"", ""Letter to Shareholders""]","[{""symbolDisplay"": ""KIS""}]","[{""symbol"": ""G6M"", ""xid"": ""142754"", ""ASXSecurityType"": 1, ""displayName"": ""GROUP 6 METALS LIMITED"", ""issueType"": ""CS"", ""issueTypeName"": ""Common Stock"", ""issueTypeCode"": 1, ""isin"": ""AU0000188021"", ""xidEntity"": 204150649}]","[""KIS"", """"]"
G6M,204150649,2995-01413260-2A737830,2013-05-29T08:18:47.000Z,Letter to Option Holder,39KB,false,KIS,,"[""Non-Renounceable Issue"", ""Letter to Shareholders""]","[{""symbolDisplay"": ""KIS""}]","[{""symbol"": ""G6M"", ""xid"": ""142754"", ""ASXSecurityType"": 1, ""displayName"": ""GROUP 6 METALS LIMITED"", ""issueType"": ""CS"", ""issueTypeName"": ""Common Stock"", ""issueTypeCode"": 1, ""isin"": ""AU0000188021"", ""xidEntity"": 204150649}]","[""KIS"", """"]"
G6M,204150649,2995-01413259-2A737829,2013-05-29T08:17:39.000Z,Rights Issue Information Booklet,948KB,true,KIS,,"[""Non-Renounceable Issue"", ""Disclosure Document""]","[{""symbolDisplay"": ""KIS""}]","[{""symbol"": ""G6M"", ""xid"": ""142754"", ""ASXSecurityType"": 1, ""displayName"": ""GROUP 6 METALS LIMITED"", ""issueType"": ""CS"", ""issueTypeName"": ""Common Stock"", ""issueTypeCode"": 1, ""isin"": ""AU0000188021"", ""xidEntity"": 204150649}]","[""KIS"", """"]"
G6M,204150649,2995-01413258-2A737828,2013-05-29T08:14:42.000Z,Cleansing Notice,56KB,false,KIS,,"[""Non-Renounceable Issue"", ""Cleansing Notice""]","[{""symbolDisplay"": ""KIS""}]","[{""symbol"": ""G6M"", ""xid"": ""142754"", ""ASXSecurityType"": 1, ""displayName"": ""GROUP 6 METALS LIMITED"", ""issueType"": ""CS"", ""issueTypeName"": ""Common Stock"", ""issueTypeCode"": 1, ""isin"": ""AU0000188021"", ""xidEntity"": 204150649}]","[""KIS"", """"]"
G6M,204150649,2995-01413257-2A737827,2013-05-29T08:09:32.000Z,Appendix 3B,61KB,false,KIS,,"[""Non-Renounceable Issue"", ""Appendix 3B""]","[{""symbolDisplay"": ""KIS""}]","[{""symbol"": ""G6M"", ""xid"": ""142754"", ""ASXSecurityType"": 1, ""displayName"": ""GROUP 6 METALS LIMITED"", ""issueType"": ""CS"", ""issueTypeName"": ""Common Stock"", ""issueTypeCode"": 1, ""isin"": ""AU0000188021"", ""xidEntity"": 204150649}]","[""KIS"", """"]"
G6M,204150649,2995-01413256-2A737826,2013-05-29T08:09:09.000Z,Investor Update,1681KB,false,KIS,,"[""Non-Renounceable Issue"", ""Progress Report - Other""]","[{""symbolDisplay"": ""KIS""}]","[{""symbol"": ""G6M"", ""xid"": ""142754"", ""ASXSecurityType"": 1, ""displayName"": ""GROUP 6 METALS LIMITED"", ""issueType"": ""CS"", ""issueTypeName"": ""Common Stock"", ""issueTypeCode"": 1, ""isin"": ""AU0000188021"", ""xidEntity"": 204150649}]","[""KIS"", """"]"
G6M,204150649,2995-01413255-2A737825,2013-05-29T08:07:05.000Z,"King Island Scheelite Limited to raise $1,969,000",524KB,true,KIS,,"[""Non-Renounceable Issue"", ""Progress Report""]","[{""symbolDisplay"": ""KIS""}]","[{""symbol"": ""G6M"", ""xid"": ""142754"", ""ASXSecurityType"": 1, ""displayName"": ""GROUP 6 METALS LIMITED"", ""issueType"": ""CS"", ""issueTypeName"": ""Common Stock"", ""issueTypeCode"": 1, ""isin"": ""AU0000188021"", ""xidEntity"": 204150649}]","[""KIS"", """"]"
G6M,204150649,2995-01409540-2A735684,2013-05-16T00:32:41.000Z,Dolphin Project Value Engineering of DFS Completed,158KB,true,KIS,,"[""Progress Report""]","[{""symbolDisplay"": ""KIS""}]","[{""symbol"": ""G6M"", ""xid"": ""142754"", ""ASXSecurityType"": 1, ""displayName"": ""GROUP 6 METALS LIMITED"", ""issueType"": ""CS"", ""issueTypeName"": ""Common Stock"", ""issueTypeCode"": 1, ""isin"": ""AU0000188021"", ""xidEntity"": 204150649}]","[""KIS"", """"]"
G6M,204150649,2995-01405364-2A733089,2013-04-30T23:11:00.000Z,Quarterly Activities and Cash Flow Reports 31 March 2013,189KB,true,KIS,,"[""Third Quarter Activities Report"", ""Third Quarter Cash Flow Report""]","[{""symbolDisplay"": ""KIS""}]","[{""symbol"": ""G6M"", ""xid"": ""142754"", ""ASXSecurityType"": 1, ""displayName"": ""GROUP 6 METALS LIMITED"", ""issueType"": ""CS"", ""issueTypeName"": ""Common Stock"", ""issueTypeCode"": 1, ""isin"": ""AU0000188021"", ""xidEntity"": 204150649}]","[""KIS"", """"]"
G6M,204150649,2995-01389892-2A725044,2013-03-07T23:59:23.000Z,Half Year Accounts December 2012,323KB,true,KIS,,"[""Top 20 shareholders"", ""Half Yearly Report"", ""Half Year Audit Review"", ""Half Year Directors' Statement"", ""Half Year Accounts"", ""Half Year Directors' Report""]","[{""symbolDisplay"": ""KIS""}]","[{""symbol"": ""G6M"", ""xid"": ""142754"", ""ASXSecurityType"": 1, ""displayName"": ""GROUP 6 METALS LIMITED"", ""issueType"": ""CS"", ""issueTypeName"": ""Common Stock"", ""issueTypeCode"": 1, ""isin"": ""AU0000188021"", ""xidEntity"": 204150649}]","[""KIS"", """"]"
G6M,204150649,2995-01378168-2A718247,2013-01-31T04:20:09.000Z,Quarterly Activities and Cash Flow Reports December 2012,234KB,true,KIS,,"[""Second Quarter Activities Report"", ""Second Quarter Cash Flow Report""]","[{""symbolDisplay"": ""KIS""}]","[{""symbol"": ""G6M"", ""xid"": ""142754"", ""ASXSecurityType"": 1, ""displayName"": ""GROUP 6 METALS LIMITED"", ""issueType"": ""CS"", ""issueTypeName"": ""Common Stock"", ""issueTypeCode"": 1, ""isin"": ""AU0000188021"", ""xidEntity"": 204150649}]","[""KIS"", """"]"
G6M,204150649,2995-01363455-2A710157,2012-12-03T01:45:20.000Z,Initial Director's Interest Notice Jacobs,68KB,false,KIS,,"[""Initial Director's Interest Notice""]","[{""symbolDisplay"": ""KIS""}]","[{""symbol"": ""G6M"", ""xid"": ""142754"", ""ASXSecurityType"": 1, ""displayName"": ""GROUP 6 METALS LIMITED"", ""issueType"": ""CS"", ""issueTypeName"": ""Common Stock"", ""issueTypeCode"": 1, ""isin"": ""AU0000188021"", ""xidEntity"": 204150649}]","[""KIS"", """"]"
G6M,204150649,2995-01362463-2A709724,2012-11-29T22:41:28.000Z,Independent Chairman Appointment Jacobs,24KB,false,KIS,,"[""Director Appointment/Resignation""]","[{""symbolDisplay"": ""KIS""}]","[{""symbol"": ""G6M"", ""xid"": ""142754"", ""ASXSecurityType"": 1, ""displayName"": ""GROUP 6 METALS LIMITED"", ""issueType"": ""CS"", ""issueTypeName"": ""Common Stock"", ""issueTypeCode"": 1, ""isin"": ""AU0000188021"", ""xidEntity"": 204150649}]","[""KIS"", """"]"
G6M,204150649,2995-01360842-2A708984,2012-11-27T06:31:35.000Z,Change of Company Address,28KB,false,KIS,,"[""Details of Registered office address""]","[{""symbolDisplay"": ""KIS""}]","[{""symbol"": ""G6M"", ""xid"": ""142754"", ""ASXSecurityType"": 1, ""displayName"": ""GROUP 6 METALS LIMITED"", ""issueType"": ""CS"", ""issueTypeName"": ""Common Stock"", ""issueTypeCode"": 1, ""isin"": ""AU0000188021"", ""xidEntity"": 204150649}]","[""KIS"", """"]"
G6M,204150649,2995-01358453-2A707767,2012-11-21T06:27:13.000Z,Results of Annual General Meeting,31KB,false,KIS,,"[""Results of Meeting""]","[{""symbolDisplay"": ""KIS""}]","[{""symbol"": ""G6M"", ""xid"": ""142754"", ""ASXSecurityType"": 1, ""displayName"": ""GROUP 6 METALS LIMITED"", ""issueType"": ""CS"", ""issueTypeName"": ""Common Stock"", ""issueTypeCode"": 1, ""isin"": ""AU0000188021"", ""xidEntity"": 204150649}]","[""KIS"", """"]"
G6M,204150649,2995-01358350-2A707704,2012-11-21T03:38:57.000Z,CEO's Report to Shareholders,1043KB,false,KIS,,"[""Chairman's Address to Shareholders""]","[{""symbolDisplay"": ""KIS""}]","[{""symbol"": ""G6M"", ""xid"": ""142754"", ""ASXSecurityType"": 1, ""displayName"": ""GROUP 6 METALS LIMITED"", ""issueType"": ""CS"", ""issueTypeName"": ""Common Stock"", ""issueTypeCode"": 1, ""isin"": ""AU0000188021"", ""xidEntity"": 204150649}]","[""KIS"", """"]"
G6M,204150649,2995-01358330-2A707702,2012-11-21T02:56:10.000Z,Chairman's Address to Shareholders,52KB,false,KIS,,"[""Chairman's Address to Shareholders""]","[{""symbolDisplay"": ""KIS""}]","[{""symbol"": ""G6M"", ""xid"": ""142754"", ""ASXSecurityType"": 1, ""displayName"": ""GROUP 6 METALS LIMITED"", ""issueType"": ""CS"", ""issueTypeName"": ""Common Stock"", ""issueTypeCode"": 1, ""isin"": ""AU0000188021"", ""xidEntity"": 204150649}]","[""KIS"", """"]"
G6M,204150649,2995-01355145-2A705997,2012-11-12T07:58:27.000Z,Final Director's Interest Notice Haggarty,11KB,false,KIS,,"[""Final Director's Interest Notice""]","[{""symbolDisplay"": ""KIS""}]","[{""symbol"": ""G6M"", ""xid"": ""142754"", ""ASXSecurityType"": 1, ""displayName"": ""GROUP 6 METALS LIMITED"", ""issueType"": ""CS"", ""issueTypeName"": ""Common Stock"", ""issueTypeCode"": 1, ""isin"": ""AU0000188021"", ""xidEntity"": 204150649}]","[""KIS"", """"]"
G6M,204150649,2995-01354457-2A705635,2012-11-09T01:19:39.000Z,Initial Director's Interest Notice Ellis,18KB,false,KIS,,"[""Initial Director's Interest Notice""]","[{""symbolDisplay"": ""KIS""}]","[{""symbol"": ""G6M"", ""xid"": ""142754"", ""ASXSecurityType"": 1, ""displayName"": ""GROUP 6 METALS LIMITED"", ""issueType"": ""CS"", ""issueTypeName"": ""Common Stock"", ""issueTypeCode"": 1, ""isin"": ""AU0000188021"", ""xidEntity"": 204150649}]","[""KIS"", """"]"
G6M,204150649,2995-01354413-2A705605,2012-11-08T23:40:08.000Z,Director Resignation (Haggarty) / Appointment (Ellis),38KB,false,KIS,,"[""Director Appointment/Resignation""]","[{""symbolDisplay"": ""KIS""}]","[{""symbol"": ""G6M"", ""xid"": ""142754"", ""ASXSecurityType"": 1, ""displayName"": ""GROUP 6 METALS LIMITED"", ""issueType"": ""CS"", ""issueTypeName"": ""Common Stock"", ""issueTypeCode"": 1, ""isin"": ""AU0000188021"", ""xidEntity"": 204150649}]","[""KIS"", """"]"
G6M,204150649,2995-01351623-2A704072,2012-10-31T08:04:19.000Z,Quarterly Activities and Cash Flow Reports September 2012,125KB,true,KIS,,"[""First Quarter Activities Report"", ""First Quarter Cash Flow Report""]","[{""symbolDisplay"": ""KIS""}]","[{""symbol"": ""G6M"", ""xid"": ""142754"", ""ASXSecurityType"": 1, ""displayName"": ""GROUP 6 METALS LIMITED"", ""issueType"": ""CS"", ""issueTypeName"": ""Common Stock"", ""issueTypeCode"": 1, ""isin"": ""AU0000188021"", ""xidEntity"": 204150649}]","[""KIS"", """"]"
G6M,204150649,2995-01347942-2A702549,2012-10-25T07:28:03.000Z,Final Director's Interest Notice Plummer,11KB,false,KIS,,"[""Final Director's Interest Notice""]","[{""symbolDisplay"": ""KIS""}]","[{""symbol"": ""G6M"", ""xid"": ""142754"", ""ASXSecurityType"": 1, ""displayName"": ""GROUP 6 METALS LIMITED"", ""issueType"": ""CS"", ""issueTypeName"": ""Common Stock"", ""issueTypeCode"": 1, ""isin"": ""AU0000188021"", ""xidEntity"": 204150649}]","[""KIS"", """"]"
G6M,204150649,2995-01347930-2A702548,2012-10-25T07:17:30.000Z,Director Resignation Plummer,36KB,false,KIS,,"[""Director Appointment/Resignation""]","[{""symbolDisplay"": ""KIS""}]","[{""symbol"": ""G6M"", ""xid"": ""142754"", ""ASXSecurityType"": 1, ""displayName"": ""GROUP 6 METALS LIMITED"", ""issueType"": ""CS"", ""issueTypeName"": ""Common Stock"", ""issueTypeCode"": 1, ""isin"": ""AU0000188021"", ""xidEntity"": 204150649}]","[""KIS"", """"]"
G6M,204150649,2995-01345532-2A701323,2012-10-19T07:08:14.000Z,Notice of Annual General Meeting/Proxy Form,142KB,false,KIS,,"[""Notice of Annual General Meeting"", ""Proxy Form""]","[{""symbolDisplay"": ""KIS""}]","[{""symbol"": ""G6M"", ""xid"": ""142754"", ""ASXSecurityType"": 1, ""displayName"": ""GROUP 6 METALS LIMITED"", ""issueType"": ""CS"", ""issueTypeName"": ""Common Stock"", ""issueTypeCode"": 1, ""isin"": ""AU0000188021"", ""xidEntity"": 204150649}]","[""KIS"", """"]"
G6M,204150649,2995-01340894-2A698796,2012-10-05T08:20:06.000Z,Initial Director's Interest Notice Bird,70KB,false,KIS,,"[""Initial Director's Interest Notice""]","[{""symbolDisplay"": ""KIS""}]","[{""symbol"": ""G6M"", ""xid"": ""142754"", ""ASXSecurityType"": 1, ""displayName"": ""GROUP 6 METALS LIMITED"", ""issueType"": ""CS"", ""issueTypeName"": ""Common Stock"", ""issueTypeCode"": 1, ""isin"": ""AU0000188021"", ""xidEntity"": 204150649}]","[""KIS"", """"]"
G6M,204150649,2995-01340893-2A698795,2012-10-05T08:11:21.000Z,Director Appointment Bird,28KB,false,KIS,,"[""Director Appointment/Resignation""]","[{""symbolDisplay"": ""KIS""}]","[{""symbol"": ""G6M"", ""xid"": ""142754"", ""ASXSecurityType"": 1, ""displayName"": ""GROUP 6 METALS LIMITED"", ""issueType"": ""CS"", ""issueTypeName"": ""Common Stock"", ""issueTypeCode"": 1, ""isin"": ""AU0000188021"", ""xidEntity"": 204150649}]","[""KIS"", """"]"
G6M,204150649,2995-01336708-2A696666,2012-09-25T06:45:39.000Z,Change of Company Address,27KB,false,KIS,,"[""Details of Registered office address""]","[{""symbolDisplay"": ""KIS""}]","[{""symbol"": ""G6M"", ""xid"": ""142754"", ""ASXSecurityType"": 1, ""displayName"": ""GROUP 6 METALS LIMITED"", ""issueType"": ""CS"", ""issueTypeName"": ""Common Stock"", ""issueTypeCode"": 1, ""isin"": ""AU0000188021"", ""xidEntity"": 204150649}]","[""KIS"", """"]"
G6M,204150649,2995-01334120-2A695183,2012-09-17T07:44:48.000Z,Annual Financial Report June 2012,496KB,false,KIS,,"[""Annual Report"", ""Top 20 shareholders"", ""Full Year Accounts"", ""Full Year Audit Review"", ""Full Year Directors' Statement"", ""Full Year Directors' Report""]","[{""symbolDisplay"": ""KIS""}]","[{""symbol"": ""G6M"", ""xid"": ""142754"", ""ASXSecurityType"": 1, ""displayName"": ""GROUP 6 METALS LIMITED"", ""issueType"": ""CS"", ""issueTypeName"": ""Common Stock"", ""issueTypeCode"": 1, ""isin"": ""AU0000188021"", ""xidEntity"": 204150649}]","[""KIS"", """"]"
G6M,204150649,2995-01332649-2A694305,2012-09-12T05:36:22.000Z,Tasmania Mining Investment Seminar,1037KB,false,KIS,,"[""Progress Report - Other""]","[{""symbolDisplay"": ""KIS""}]","[{""symbol"": ""G6M"", ""xid"": ""142754"", ""ASXSecurityType"": 1, ""displayName"": ""GROUP 6 METALS LIMITED"", ""issueType"": ""CS"", ""issueTypeName"": ""Common Stock"", ""issueTypeCode"": 1, ""isin"": ""AU0000188021"", ""xidEntity"": 204150649}]","[""KIS"", """"]"
G6M,204150649,2995-01332579-2A694270,2012-09-12T01:53:23.000Z,Ceasing to be a substantial holder,93KB,false,KIS,,"[""Ceasing to be a substantial holder""]","[{""symbolDisplay"": ""KIS""}]","[{""symbol"": ""G6M"", ""xid"": ""142754"", ""ASXSecurityType"": 1, ""displayName"": ""GROUP 6 METALS LIMITED"", ""issueType"": ""CS"", ""issueTypeName"": ""Common Stock"", ""issueTypeCode"": 1, ""isin"": ""AU0000188021"", ""xidEntity"": 204150649}]","[""KIS"", """"]"
G6M,204150649,2995-01332330-2A694132,2012-09-11T07:11:38.000Z,Top 20 Shareholders,48KB,false,KIS,,"[""Top 20 shareholders""]","[{""symbolDisplay"": ""KIS""}]","[{""symbol"": ""G6M"", ""xid"": ""142754"", ""ASXSecurityType"": 1, ""displayName"": ""GROUP 6 METALS LIMITED"", ""issueType"": ""CS"", ""issueTypeName"": ""Common Stock"", ""issueTypeCode"": 1, ""isin"": ""AU0000188021"", ""xidEntity"": 204150649}]","[""KIS"", """"]"
G6M,204150649,2995-01331918-2A693903,2012-09-10T06:33:59.000Z,Change of Director's Interest Notice Plummer,27KB,false,KIS,,"[""Change of Director's Interest Notice""]","[{""symbolDisplay"": ""KIS""}]","[{""symbol"": ""G6M"", ""xid"": ""142754"", ""ASXSecurityType"": 1, ""displayName"": ""GROUP 6 METALS LIMITED"", ""issueType"": ""CS"", ""issueTypeName"": ""Common Stock"", ""issueTypeCode"": 1, ""isin"": ""AU0000188021"", ""xidEntity"": 204150649}]","[""KIS"", """"]"
G6M,204150649,2995-01331913-2A693898,2012-09-10T06:32:13.000Z,Change of Director's Interest Notice Morritt,23KB,false,KIS,,"[""Change of Director's Interest Notice""]","[{""symbolDisplay"": ""KIS""}]","[{""symbol"": ""G6M"", ""xid"": ""142754"", ""ASXSecurityType"": 1, ""displayName"": ""GROUP 6 METALS LIMITED"", ""issueType"": ""CS"", ""issueTypeName"": ""Common Stock"", ""issueTypeCode"": 1, ""isin"": ""AU0000188021"", ""xidEntity"": 204150649}]","[""KIS"", """"]"
G6M,204150649,2995-01331912-2A693897,2012-09-10T06:30:09.000Z,Change of Director's Interest Notice Haggarty,22KB,false,KIS,,"[""Change of Director's Interest Notice""]","[{""symbolDisplay"": ""KIS""}]","[{""symbol"": ""G6M"", ""xid"": ""142754"", ""ASXSecurityType"": 1, ""displayName"": ""GROUP 6 METALS LIMITED"", ""issueType"": ""CS"", ""issueTypeName"": ""Common Stock"", ""issueTypeCode"": 1, ""isin"": ""AU0000188021"", ""xidEntity"": 204150649}]","[""KIS"", """"]"
G6M,204150649,2995-01331894-2A693887,2012-09-10T06:14:02.000Z,Change in substantial holding,202KB,false,KIS,,"[""Change in substantial holding""]","[{""symbolDisplay"": ""KIS""}]","[{""symbol"": ""G6M"", ""xid"": ""142754"", ""ASXSecurityType"": 1, ""displayName"": ""GROUP 6 METALS LIMITED"", ""issueType"": ""CS"", ""issueTypeName"": ""Common Stock"", ""issueTypeCode"": 1, ""isin"": ""AU0000188021"", ""xidEntity"": 204150649}]","[""KIS"", """"]"
G6M,204150649,2995-01331889-2A693886,2012-09-10T06:08:14.000Z,Change in substantial holding,866KB,false,KIS,,"[""Change in substantial holding""]","[{""symbolDisplay"": ""KIS""}]","[{""symbol"": ""G6M"", ""xid"": ""142754"", ""ASXSecurityType"": 1, ""displayName"": ""GROUP 6 METALS LIMITED"", ""issueType"": ""CS"", ""issueTypeName"": ""Common Stock"", ""issueTypeCode"": 1, ""isin"": ""AU0000188021"", ""xidEntity"": 204150649}]","[""KIS"", """"]"
G6M,204150649,2995-01331856-2A693867,2012-09-10T05:20:05.000Z,Becoming a substantial holder Ranamok,219KB,false,KIS,,"[""Becoming a substantial holder""]","[{""symbolDisplay"": ""KIS""}]","[{""symbol"": ""G6M"", ""xid"": ""142754"", ""ASXSecurityType"": 1, ""displayName"": ""GROUP 6 METALS LIMITED"", ""issueType"": ""CS"", ""issueTypeName"": ""Common Stock"", ""issueTypeCode"": 1, ""isin"": ""AU0000188021"", ""xidEntity"": 204150649}]","[""KIS"", """"]"
G6M,204150649,2995-01331568-2A693729,2012-09-09T22:44:22.000Z,Change in substantial holding Chadwick,1483KB,false,KIS,,"[""Change in substantial holding""]","[{""symbolDisplay"": ""KIS""}]","[{""symbol"": ""G6M"", ""xid"": ""142754"", ""ASXSecurityType"": 1, ""displayName"": ""GROUP 6 METALS LIMITED"", ""issueType"": ""CS"", ""issueTypeName"": ""Common Stock"", ""issueTypeCode"": 1, ""isin"": ""AU0000188021"", ""xidEntity"": 204150649}]","[""KIS"", """"]"
G6M,204150649,2995-01331387-2A693631,2012-09-07T05:32:06.000Z,Becoming a substantial holder Chrysalis,213KB,false,KIS,,"[""Becoming a substantial holder""]","[{""symbolDisplay"": ""KIS""}]","[{""symbol"": ""G6M"", ""xid"": ""142754"", ""ASXSecurityType"": 1, ""displayName"": ""GROUP 6 METALS LIMITED"", ""issueType"": ""CS"", ""issueTypeName"": ""Common Stock"", ""issueTypeCode"": 1, ""isin"": ""AU0000188021"", ""xidEntity"": 204150649}]","[""KIS"", """"]"
G6M,204150649,2995-01330971-2A693438,2012-09-06T04:57:36.000Z,Appendix 3B,58KB,false,KIS,,"[""Renounceable Issue"", ""Appendix 3B""]","[{""symbolDisplay"": ""KIS""}]","[{""symbol"": ""G6M"", ""xid"": ""142754"", ""ASXSecurityType"": 1, ""displayName"": ""GROUP 6 METALS LIMITED"", ""issueType"": ""CS"", ""issueTypeName"": ""Common Stock"", ""issueTypeCode"": 1, ""isin"": ""AU0000188021"", ""xidEntity"": 204150649}]","[""KIS"", """"]"
G6M,204150649,2995-01330245-2A693128,2012-09-04T07:39:59.000Z,Renounceable Rights Offer Closes,42KB,false,KIS,,"[""Renounceable Issue""]","[{""symbolDisplay"": ""KIS""}]","[{""symbol"": ""G6M"", ""xid"": ""142754"", ""ASXSecurityType"": 1, ""displayName"": ""GROUP 6 METALS LIMITED"", ""issueType"": ""CS"", ""issueTypeName"": ""Common Stock"", ""issueTypeCode"": 1, ""isin"": ""AU0000188021"", ""xidEntity"": 204150649}]","[""KIS"", """"]"
G6M,204150649,2995-01325918-2A691205,2012-08-23T08:30:55.000Z,Change of Director's Interest Notice Morritt,28KB,false,KIS,,"[""Change of Director's Interest Notice""]","[{""symbolDisplay"": ""KIS""}]","[{""symbol"": ""G6M"", ""xid"": ""142754"", ""ASXSecurityType"": 1, ""displayName"": ""GROUP 6 METALS LIMITED"", ""issueType"": ""CS"", ""issueTypeName"": ""Common Stock"", ""issueTypeCode"": 1, ""isin"": ""AU0000188021"", ""xidEntity"": 204150649}]","[""KIS"", """"]"
G6M,204150649,2995-01324020-2A690303,2012-08-17T06:24:22.000Z,Rights Information Booklet Despatched,58KB,false,KIS,,"[""Renounceable Issue""]","[{""symbolDisplay"": ""KIS""}]","[{""symbol"": ""G6M"", ""xid"": ""142754"", ""ASXSecurityType"": 1, ""displayName"": ""GROUP 6 METALS LIMITED"", ""issueType"": ""CS"", ""issueTypeName"": ""Common Stock"", ""issueTypeCode"": 1, ""isin"": ""AU0000188021"", ""xidEntity"": 204150649}]","[""KIS"", """"]"
G6M,204150649,2995-01323986-2A690282,2012-08-17T04:59:26.000Z,Final Director's Interest Notice Wu,10KB,false,KIS,,"[""Final Director's Interest Notice""]","[{""symbolDisplay"": ""KIS""}]","[{""symbol"": ""G6M"", ""xid"": ""142754"", ""ASXSecurityType"": 1, ""displayName"": ""GROUP 6 METALS LIMITED"", ""issueType"": ""CS"", ""issueTypeName"": ""Common Stock"", ""issueTypeCode"": 1, ""isin"": ""AU0000188021"", ""xidEntity"": 204150649}]","[""KIS"", """"]"
G6M,204150649,2995-01323984-2A690281,2012-08-17T04:58:15.000Z,Final Director's Interest Notice Li,10KB,false,KIS,,"[""Final Director's Interest Notice""]","[{""symbolDisplay"": ""KIS""}]","[{""symbol"": ""G6M"", ""xid"": ""142754"", ""ASXSecurityType"": 1, ""displayName"": ""GROUP 6 METALS LIMITED"", ""issueType"": ""CS"", ""issueTypeName"": ""Common Stock"", ""issueTypeCode"": 1, ""isin"": ""AU0000188021"", ""xidEntity"": 204150649}]","[""KIS"", """"]"
G6M,204150649,2995-01323681-2A690119,2012-08-16T07:40:07.000Z,Director Resignation Li,36KB,false,KIS,,"[""Director Appointment/Resignation""]","[{""symbolDisplay"": ""KIS""}]","[{""symbol"": ""G6M"", ""xid"": ""142754"", ""ASXSecurityType"": 1, ""displayName"": ""GROUP 6 METALS LIMITED"", ""issueType"": ""CS"", ""issueTypeName"": ""Common Stock"", ""issueTypeCode"": 1, ""isin"": ""AU0000188021"", ""xidEntity"": 204150649}]","[""KIS"", """"]"
G6M,204150649,2995-01321476-2A689029,2012-08-08T08:11:06.000Z,Change of Director's Interest Notice Haggarty,22KB,false,KIS,,"[""Change of Director's Interest Notice""]","[{""symbolDisplay"": ""KIS""}]","[{""symbol"": ""G6M"", ""xid"": ""142754"", ""ASXSecurityType"": 1, ""displayName"": ""GROUP 6 METALS LIMITED"", ""issueType"": ""CS"", ""issueTypeName"": ""Common Stock"", ""issueTypeCode"": 1, ""isin"": ""AU0000188021"", ""xidEntity"": 204150649}]","[""KIS"", """"]"
G6M,204150649,2995-01320390-2A688550,2012-08-03T06:13:41.000Z,Change of Director's Interest Notice Plummer,27KB,false,KIS,,"[""Change of Director's Interest Notice""]","[{""symbolDisplay"": ""KIS""}]","[{""symbol"": ""G6M"", ""xid"": ""142754"", ""ASXSecurityType"": 1, ""displayName"": ""GROUP 6 METALS LIMITED"", ""issueType"": ""CS"", ""issueTypeName"": ""Common Stock"", ""issueTypeCode"": 1, ""isin"": ""AU0000188021"", ""xidEntity"": 204150649}]","[""KIS"", """"]"
G6M,204150649,2995-01319928-2A688347,2012-08-02T01:49:19.000Z,Letter to Option Holder,61KB,false,KIS,,"[""Renounceable Issue"", ""Letter to Shareholders""]","[{""symbolDisplay"": ""KIS""}]","[{""symbol"": ""G6M"", ""xid"": ""142754"", ""ASXSecurityType"": 1, ""displayName"": ""GROUP 6 METALS LIMITED"", ""issueType"": ""CS"", ""issueTypeName"": ""Common Stock"", ""issueTypeCode"": 1, ""isin"": ""AU0000188021"", ""xidEntity"": 204150649}]","[""KIS"", """"]"
G6M,204150649,2995-01319927-2A688346,2012-08-02T01:47:12.000Z,Letter to Ineligible Shareholders,48KB,false,KIS,,"[""Renounceable Issue"", ""Letter to Shareholders""]","[{""symbolDisplay"": ""KIS""}]","[{""symbol"": ""G6M"", ""xid"": ""142754"", ""ASXSecurityType"": 1, ""displayName"": ""GROUP 6 METALS LIMITED"", ""issueType"": ""CS"", ""issueTypeName"": ""Common Stock"", ""issueTypeCode"": 1, ""isin"": ""AU0000188021"", ""xidEntity"": 204150649}]","[""KIS"", """"]"
G6M,204150649,2995-01319924-2A688344,2012-08-02T01:39:42.000Z,Rights Issue Information Booklet,383KB,true,KIS,,"[""Renounceable Issue"", ""Disclosure Document""]","[{""symbolDisplay"": ""KIS""}]","[{""symbol"": ""G6M"", ""xid"": ""142754"", ""ASXSecurityType"": 1, ""displayName"": ""GROUP 6 METALS LIMITED"", ""issueType"": ""CS"", ""issueTypeName"": ""Common Stock"", ""issueTypeCode"": 1, ""isin"": ""AU0000188021"", ""xidEntity"": 204150649}]","[""KIS"", """"]"
G6M,204150649,2995-01319923-2A688345,2012-08-02T01:36:14.000Z,Appendix 3B,124KB,false,KIS,,"[""Appendix 3B""]","[{""symbolDisplay"": ""KIS""}]","[{""symbol"": ""G6M"", ""xid"": ""142754"", ""ASXSecurityType"": 1, ""displayName"": ""GROUP 6 METALS LIMITED"", ""issueType"": ""CS"", ""issueTypeName"": ""Common Stock"", ""issueTypeCode"": 1, ""isin"": ""AU0000188021"", ""xidEntity"": 204150649}]","[""KIS"", """"]"
G6M,204150649,2995-01319871-2A688317,2012-08-02T00:06:23.000Z,Renounceable Issue Cleansing Statement,51KB,false,KIS,,"[""Non-Renounceable Issue""]","[{""symbolDisplay"": ""KIS""}]","[{""symbol"": ""G6M"", ""xid"": ""142754"", ""ASXSecurityType"": 1, ""displayName"": ""GROUP 6 METALS LIMITED"", ""issueType"": ""CS"", ""issueTypeName"": ""Common Stock"", ""issueTypeCode"": 1, ""isin"": ""AU0000188021"", ""xidEntity"": 204150649}]","[""KIS"", """"]"
G6M,204150649,2995-01319870-2A688319,2012-08-02T00:06:15.000Z,Renounceable Issue Announcement,70KB,true,KIS,,"[""Non-Renounceable Issue""]","[{""symbolDisplay"": ""KIS""}]","[{""symbol"": ""G6M"", ""xid"": ""142754"", ""ASXSecurityType"": 1, ""displayName"": ""GROUP 6 METALS LIMITED"", ""issueType"": ""CS"", ""issueTypeName"": ""Common Stock"", ""issueTypeCode"": 1, ""isin"": ""AU0000188021"", ""xidEntity"": 204150649}]","[""KIS"", """"]"
G6M,204150649,2995-01317371-2A687577,2012-07-27T07:05:28.000Z,Activities (Revised) and Cash Flow Reports June 2012,505KB,true,KIS,,"[""Fourth Quarter Activities Report"", ""Fourth Quarter Cash Flow Report""]","[{""symbolDisplay"": ""KIS""}]","[{""symbol"": ""G6M"", ""xid"": ""142754"", ""ASXSecurityType"": 1, ""displayName"": ""GROUP 6 METALS LIMITED"", ""issueType"": ""CS"", ""issueTypeName"": ""Common Stock"", ""issueTypeCode"": 1, ""isin"": ""AU0000188021"", ""xidEntity"": 204150649}]","[""KIS"", """"]"
G6M,204150649,2995-01315553-2A686827,2012-07-22T22:55:12.000Z,Quarterly Activities Report June 2012,413KB,true,KIS,,"[""Fourth Quarter Activities Report""]","[{""symbolDisplay"": ""KIS""}]","[{""symbol"": ""G6M"", ""xid"": ""142754"", ""ASXSecurityType"": 1, ""displayName"": ""GROUP 6 METALS LIMITED"", ""issueType"": ""CS"", ""issueTypeName"": ""Common Stock"", ""issueTypeCode"": 1, ""isin"": ""AU0000188021"", ""xidEntity"": 204150649}]","[""KIS"", """"]"
G6M,204150649,2995-01311736-2A685120,2012-07-04T22:24:14.000Z,Review of Operations and Costs,44KB,true,KIS,,"[""Progress Report""]","[{""symbolDisplay"": ""KIS""}]","[{""symbol"": ""G6M"", ""xid"": ""142754"", ""ASXSecurityType"": 1, ""displayName"": ""GROUP 6 METALS LIMITED"", ""issueType"": ""CS"", ""issueTypeName"": ""Common Stock"", ""issueTypeCode"": 1, ""isin"": ""AU0000188021"", ""xidEntity"": 204150649}]","[""KIS"", """"]"
G6M,204150649,2995-01307932-2A683411,2012-06-22T06:35:21.000Z,Initial Director's Interest Notice Wu,10KB,false,KIS,,"[""Initial Director's Interest Notice""]","[{""symbolDisplay"": ""KIS""}]","[{""symbol"": ""G6M"", ""xid"": ""142754"", ""ASXSecurityType"": 1, ""displayName"": ""GROUP 6 METALS LIMITED"", ""issueType"": ""CS"", ""issueTypeName"": ""Common Stock"", ""issueTypeCode"": 1, ""isin"": ""AU0000188021"", ""xidEntity"": 204150649}]","[""KIS"", """"]"
G6M,204150649,2995-01307929-2A683410,2012-06-22T06:33:17.000Z,Final Director's Interest Notice Chen,62KB,false,KIS,,"[""Final Director's Interest Notice""]","[{""symbolDisplay"": ""KIS""}]","[{""symbol"": ""G6M"", ""xid"": ""142754"", ""ASXSecurityType"": 1, ""displayName"": ""GROUP 6 METALS LIMITED"", ""issueType"": ""CS"", ""issueTypeName"": ""Common Stock"", ""issueTypeCode"": 1, ""isin"": ""AU0000188021"", ""xidEntity"": 204150649}]","[""KIS"", """"]"
G6M,204150649,2995-01307576-2A683259,2012-06-21T07:45:18.000Z,Alternate Director Appointment (Wu replacing Chen),60KB,false,KIS,,"[""Director Appointment/Resignation""]","[{""symbolDisplay"": ""KIS""}]","[{""symbol"": ""G6M"", ""xid"": ""142754"", ""ASXSecurityType"": 1, ""displayName"": ""GROUP 6 METALS LIMITED"", ""issueType"": ""CS"", ""issueTypeName"": ""Common Stock"", ""issueTypeCode"": 1, ""isin"": ""AU0000188021"", ""xidEntity"": 204150649}]","[""KIS"", """"]"
G6M,204150649,2995-01292694-2A676763,2012-04-30T06:40:00.000Z,Quarterly Activities and Cash Flow Reports March 2012,157KB,true,KIS,,"[""Third Quarter Activities Report"", ""Third Quarter Cash Flow Report""]","[{""symbolDisplay"": ""KIS""}]","[{""symbol"": ""G6M"", ""xid"": ""142754"", ""ASXSecurityType"": 1, ""displayName"": ""GROUP 6 METALS LIMITED"", ""issueType"": ""CS"", ""issueTypeName"": ""Common Stock"", ""issueTypeCode"": 1, ""isin"": ""AU0000188021"", ""xidEntity"": 204150649}]","[""KIS"", """"]"
G6M,204150649,2995-01280685-2A672056,2012-03-20T05:52:00.000Z,Presentation Melbourne Mining Club,1186KB,false,KIS,,"[""Progress Report - Other""]","[{""symbolDisplay"": ""KIS""}]","[{""symbol"": ""G6M"", ""xid"": ""142754"", ""ASXSecurityType"": 1, ""displayName"": ""GROUP 6 METALS LIMITED"", ""issueType"": ""CS"", ""issueTypeName"": ""Common Stock"", ""issueTypeCode"": 1, ""isin"": ""AU0000188021"", ""xidEntity"": 204150649}]","[""KIS"", """"]"
G6M,204150649,2995-01277104-2A670671,2012-03-08T06:34:00.000Z,Initial Director`s Interest Notice-Chen,65KB,false,KIS,,"[""Initial Director's Interest Notice""]","[{""symbolDisplay"": ""KIS""}]","[{""symbol"": ""G6M"", ""xid"": ""142754"", ""ASXSecurityType"": 1, ""displayName"": ""GROUP 6 METALS LIMITED"", ""issueType"": ""CS"", ""issueTypeName"": ""Common Stock"", ""issueTypeCode"": 1, ""isin"": ""AU0000188021"", ""xidEntity"": 204150649}]","[""KIS"", """"]"
G6M,204150649,2995-01277102-2A670670,2012-03-08T06:32:00.000Z,Final Director`s Interest Notice-Wu,63KB,false,KIS,,"[""Final Director's Interest Notice""]","[{""symbolDisplay"": ""KIS""}]","[{""symbol"": ""G6M"", ""xid"": ""142754"", ""ASXSecurityType"": 1, ""displayName"": ""GROUP 6 METALS LIMITED"", ""issueType"": ""CS"", ""issueTypeName"": ""Common Stock"", ""issueTypeCode"": 1, ""isin"": ""AU0000188021"", ""xidEntity"": 204150649}]","[""KIS"", """"]"
G6M,204150649,2995-01276668-2A670492,2012-03-07T05:58:00.000Z,Alternate Director Appointment (Chen) and Resignation (Wu),74KB,false,KIS,,"[""Director Appointment/Resignation""]","[{""symbolDisplay"": ""KIS""}]","[{""symbol"": ""G6M"", ""xid"": ""142754"", ""ASXSecurityType"": 1, ""displayName"": ""GROUP 6 METALS LIMITED"", ""issueType"": ""CS"", ""issueTypeName"": ""Common Stock"", ""issueTypeCode"": 1, ""isin"": ""AU0000188021"", ""xidEntity"": 204150649}]","[""KIS"", """"]"
G6M,204150649,2995-01274750-2A669556,2012-03-01T00:43:00.000Z,Dolphin Project - Definitive Feasibility Study,1886KB,true,KIS,,"[""Progress Report""]","[{""symbolDisplay"": ""KIS""}]","[{""symbol"": ""G6M"", ""xid"": ""142754"", ""ASXSecurityType"": 1, ""displayName"": ""GROUP 6 METALS LIMITED"", ""issueType"": ""CS"", ""issueTypeName"": ""Common Stock"", ""issueTypeCode"": 1, ""isin"": ""AU0000188021"", ""xidEntity"": 204150649}]","[""KIS"", """"]"
G6M,204150649,2995-01271696-2A668266,2012-02-23T04:48:00.000Z,Half Year Accounts December 2011,2197KB,true,KIS,,"[""Top 20 shareholders"", ""Half Year Audit Review"", ""Half Year Directors' Statement"", ""Half Year Accounts"", ""Half Year Directors' Report""]","[{""symbolDisplay"": ""KIS""}]","[{""symbol"": ""G6M"", ""xid"": ""142754"", ""ASXSecurityType"": 1, ""displayName"": ""GROUP 6 METALS LIMITED"", ""issueType"": ""CS"", ""issueTypeName"": ""Common Stock"", ""issueTypeCode"": 1, ""isin"": ""AU0000188021"", ""xidEntity"": 204150649}]","[""KIS"", """"]"
G6M,204150649,2995-01267866-2A666626,2012-02-13T03:14:00.000Z,Land Purchase Finalised,159KB,true,KIS,,"[""Asset Acquisition""]","[{""symbolDisplay"": ""KIS""}]","[{""symbol"": ""G6M"", ""xid"": ""142754"", ""ASXSecurityType"": 1, ""displayName"": ""GROUP 6 METALS LIMITED"", ""issueType"": ""CS"", ""issueTypeName"": ""Common Stock"", ""issueTypeCode"": 1, ""isin"": ""AU0000188021"", ""xidEntity"": 204150649}]","[""KIS"", """"]"
G6M,204150649,2995-01264372-2A665328,2012-01-31T06:33:00.000Z,Cash Flow Report December 2011,111KB,true,KIS,,"[""Second Quarter Cash Flow Report""]","[{""symbolDisplay"": ""KIS""}]","[{""symbol"": ""G6M"", ""xid"": ""142754"", ""ASXSecurityType"": 1, ""displayName"": ""GROUP 6 METALS LIMITED"", ""issueType"": ""CS"", ""issueTypeName"": ""Common Stock"", ""issueTypeCode"": 1, ""isin"": ""AU0000188021"", ""xidEntity"": 204150649}]","[""KIS"", """"]"
G6M,204150649,2995-01264371-2A665327,2012-01-31T06:33:00.000Z,Activities Report December 2011,66KB,true,KIS,,"[""Second Quarter Activities Report""]","[{""symbolDisplay"": ""KIS""}]","[{""symbol"": ""G6M"", ""xid"": ""142754"", ""ASXSecurityType"": 1, ""displayName"": ""GROUP 6 METALS LIMITED"", ""issueType"": ""CS"", ""issueTypeName"": ""Common Stock"", ""issueTypeCode"": 1, ""isin"": ""AU0000188021"", ""xidEntity"": 204150649}]","[""KIS"", """"]"
G6M,204150649,2995-01254544-2A661687,2011-12-19T22:44:00.000Z,Further Tungsten Beneficiation Potential at Dolphin,51KB,true,KIS,,"[""Progress Report""]","[{""symbolDisplay"": ""KIS""}]","[{""symbol"": ""G6M"", ""xid"": ""142754"", ""ASXSecurityType"": 1, ""displayName"": ""GROUP 6 METALS LIMITED"", ""issueType"": ""CS"", ""issueTypeName"": ""Common Stock"", ""issueTypeCode"": 1, ""isin"": ""AU0000188021"", ""xidEntity"": 204150649}]","[""KIS"", """"]"
G6M,204150649,2995-01247299-2A658916,2011-11-29T05:21:00.000Z,Results of Annual General Meeting,53KB,false,KIS,,"[""Results of Meeting""]","[{""symbolDisplay"": ""KIS""}]","[{""symbol"": ""G6M"", ""xid"": ""142754"", ""ASXSecurityType"": 1, ""displayName"": ""GROUP 6 METALS LIMITED"", ""issueType"": ""CS"", ""issueTypeName"": ""Common Stock"", ""issueTypeCode"": 1, ""isin"": ""AU0000188021"", ""xidEntity"": 204150649}]","[""KIS"", """"]"
G6M,204150649,2995-01247089-2A658849,2011-11-29T01:37:00.000Z,AGM Presentation,356KB,false,KIS,,"[""Chairman's Address to Shareholders""]","[{""symbolDisplay"": ""KIS""}]","[{""symbol"": ""G6M"", ""xid"": ""142754"", ""ASXSecurityType"": 1, ""displayName"": ""GROUP 6 METALS LIMITED"", ""issueType"": ""CS"", ""issueTypeName"": ""Common Stock"", ""issueTypeCode"": 1, ""isin"": ""AU0000188021"", ""xidEntity"": 204150649}]","[""KIS"", """"]"
G6M,204150649,2995-01239981-2A656500,2011-11-10T23:17:00.000Z,Exploration Drilling at Dolphin South,712KB,true,KIS,,"[""Progress Report""]","[{""symbolDisplay"": ""KIS""}]","[{""symbol"": ""G6M"", ""xid"": ""142754"", ""ASXSecurityType"": 1, ""displayName"": ""GROUP 6 METALS LIMITED"", ""issueType"": ""CS"", ""issueTypeName"": ""Common Stock"", ""issueTypeCode"": 1, ""isin"": ""AU0000188021"", ""xidEntity"": 204150649}]","[""KIS"", """"]"
G6M,204150649,2995-01235776-2A655039,2011-10-31T04:49:00.000Z,Cash Flow Report September 2011,103KB,true,KIS,,"[""First Quarter Cash Flow Report""]","[{""symbolDisplay"": ""KIS""}]","[{""symbol"": ""G6M"", ""xid"": ""142754"", ""ASXSecurityType"": 1, ""displayName"": ""GROUP 6 METALS LIMITED"", ""issueType"": ""CS"", ""issueTypeName"": ""Common Stock"", ""issueTypeCode"": 1, ""isin"": ""AU0000188021"", ""xidEntity"": 204150649}]","[""KIS"", """"]"
G6M,204150649,2995-01235772-2A655038,2011-10-31T04:47:00.000Z,Activities Report September 2011,66KB,true,KIS,,"[""First Quarter Activities Report""]","[{""symbolDisplay"": ""KIS""}]","[{""symbol"": ""G6M"", ""xid"": ""142754"", ""ASXSecurityType"": 1, ""displayName"": ""GROUP 6 METALS LIMITED"", ""issueType"": ""CS"", ""issueTypeName"": ""Common Stock"", ""issueTypeCode"": 1, ""isin"": ""AU0000188021"", ""xidEntity"": 204150649}]","[""KIS"", """"]"
G6M,204150649,2995-01234101-2A654542,2011-10-27T05:39:00.000Z,2011 Annual Report to Shareholders,1804KB,false,KIS,,"[""Annual Report"", ""Top 20 shareholders"", ""Full Year Accounts"", ""Full Year Audit Review"", ""Full Year Directors' Statement"", ""Full Year Directors' Report""]","[{""symbolDisplay"": ""KIS""}]","[{""symbol"": ""G6M"", ""xid"": ""142754"", ""ASXSecurityType"": 1, ""displayName"": ""GROUP 6 METALS LIMITED"", ""issueType"": ""CS"", ""issueTypeName"": ""Common Stock"", ""issueTypeCode"": 1, ""isin"": ""AU0000188021"", ""xidEntity"": 204150649}]","[""KIS"", """"]"
G6M,204150649,2995-01234094-2A654541,2011-10-27T05:34:00.000Z,Notice of Annual General Meeting/Proxy Form,136KB,false,KIS,,"[""Notice of Annual General Meeting"", ""Proxy Form""]","[{""symbolDisplay"": ""KIS""}]","[{""symbol"": ""G6M"", ""xid"": ""142754"", ""ASXSecurityType"": 1, ""displayName"": ""GROUP 6 METALS LIMITED"", ""issueType"": ""CS"", ""issueTypeName"": ""Common Stock"", ""issueTypeCode"": 1, ""isin"": ""AU0000188021"", ""xidEntity"": 204150649}]","[""KIS"", """"]"
G6M,204150649,2995-01231213-2A653682,2011-10-21T02:29:00.000Z,Appendix 3B,47KB,false,KIS,,"[""Appendix 3B""]","[{""symbolDisplay"": ""KIS""}]","[{""symbol"": ""G6M"", ""xid"": ""142754"", ""ASXSecurityType"": 1, ""displayName"": ""GROUP 6 METALS LIMITED"", ""issueType"": ""CS"", ""issueTypeName"": ""Common Stock"", ""issueTypeCode"": 1, ""isin"": ""AU0000188021"", ""xidEntity"": 204150649}]","[""KIS"", """"]"
G6M,204150649,2995-01227566-2A652381,2011-10-11T23:35:00.000Z,Off-Taker briefings,2334KB,false,KIS,,"[""Progress Report - Other""]","[{""symbolDisplay"": ""KIS""}]","[{""symbol"": ""G6M"", ""xid"": ""142754"", ""ASXSecurityType"": 1, ""displayName"": ""GROUP 6 METALS LIMITED"", ""issueType"": ""CS"", ""issueTypeName"": ""Common Stock"", ""issueTypeCode"": 1, ""isin"": ""AU0000188021"", ""xidEntity"": 204150649}]","[""KIS"", """"]"
G6M,204150649,2995-01225606-2A651601,2011-10-05T04:19:00.000Z,Manager Dolphin Project Mining Operations Appointed,43KB,false,KIS,,"[""Company Administration - Other""]","[{""symbolDisplay"": ""KIS""}]","[{""symbol"": ""G6M"", ""xid"": ""142754"", ""ASXSecurityType"": 1, ""displayName"": ""GROUP 6 METALS LIMITED"", ""issueType"": ""CS"", ""issueTypeName"": ""Common Stock"", ""issueTypeCode"": 1, ""isin"": ""AU0000188021"", ""xidEntity"": 204150649}]","[""KIS"", """"]"
G6M,204150649,2995-01220830-2A649875,2011-09-22T22:25:00.000Z,Broker Presentation,1339KB,false,KIS,,"[""Progress Report - Other""]","[{""symbolDisplay"": ""KIS""}]","[{""symbol"": ""G6M"", ""xid"": ""142754"", ""ASXSecurityType"": 1, ""displayName"": ""GROUP 6 METALS LIMITED"", ""issueType"": ""CS"", ""issueTypeName"": ""Common Stock"", ""issueTypeCode"": 1, ""isin"": ""AU0000188021"", ""xidEntity"": 204150649}]","[""KIS"", """"]"
G6M,204150649,2995-01218753-2A649079,2011-09-15T23:59:00.000Z,Dolphin Project Exploration Drilling Update,432KB,true,KIS,,"[""Progress Report""]","[{""symbolDisplay"": ""KIS""}]","[{""symbol"": ""G6M"", ""xid"": ""142754"", ""ASXSecurityType"": 1, ""displayName"": ""GROUP 6 METALS LIMITED"", ""issueType"": ""CS"", ""issueTypeName"": ""Common Stock"", ""issueTypeCode"": 1, ""isin"": ""AU0000188021"", ""xidEntity"": 204150649}]","[""KIS"", """"]"
G6M,204150649,2995-01218344-2A648951,2011-09-15T00:09:00.000Z,Corrected Investor Update,877KB,false,KIS,,"[""Progress Report - Other""]","[{""symbolDisplay"": ""KIS""}]","[{""symbol"": ""G6M"", ""xid"": ""142754"", ""ASXSecurityType"": 1, ""displayName"": ""GROUP 6 METALS LIMITED"", ""issueType"": ""CS"", ""issueTypeName"": ""Common Stock"", ""issueTypeCode"": 1, ""isin"": ""AU0000188021"", ""xidEntity"": 204150649}]","[""KIS"", """"]"
G6M,204150649,2995-01217736-2A648682,2011-09-13T22:27:00.000Z,Investor Update,877KB,false,KIS,,"[""Progress Report""]","[{""symbolDisplay"": ""KIS""}]","[{""symbol"": ""G6M"", ""xid"": ""142754"", ""ASXSecurityType"": 1, ""displayName"": ""GROUP 6 METALS LIMITED"", ""issueType"": ""CS"", ""issueTypeName"": ""Common Stock"", ""issueTypeCode"": 1, ""isin"": ""AU0000188021"", ""xidEntity"": 204150649}]","[""KIS"", """"]"
G6M,204150649,2995-01215239-2A647630,2011-09-05T08:18:00.000Z,Annual Financial Report June 2011,1684KB,true,KIS,,"[""Top 20 shareholders"", ""Preliminary Final Report"", ""Full Year Accounts"", ""Full Year Audit Review"", ""Full Year Directors' Statement"", ""Full Year Directors' Report""]","[{""symbolDisplay"": ""KIS""}]","[{""symbol"": ""G6M"", ""xid"": ""142754"", ""ASXSecurityType"": 1, ""displayName"": ""GROUP 6 METALS LIMITED"", ""issueType"": ""CS"", ""issueTypeName"": ""Common Stock"", ""issueTypeCode"": 1, ""isin"": ""AU0000188021"", ""xidEntity"": 204150649}]","[""KIS"", """"]"
G6M,204150649,2995-01205489-2A643523,2011-08-09T00:56:00.000Z,33% Increase in Dolphin Project Underground Reserve Estimate,48KB,true,KIS,,"[""Progress Report""]","[{""symbolDisplay"": ""KIS""}]","[{""symbol"": ""G6M"", ""xid"": ""142754"", ""ASXSecurityType"": 1, ""displayName"": ""GROUP 6 METALS LIMITED"", ""issueType"": ""CS"", ""issueTypeName"": ""Common Stock"", ""issueTypeCode"": 1, ""isin"": ""AU0000188021"", ""xidEntity"": 204150649}]","[""KIS"", """"]"
G6M,204150649,2995-01202752-2A642484,2011-07-29T07:14:00.000Z,Quarterly Cashflow Report June 2011,109KB,true,KIS,,"[""Fourth Quarter Cash Flow Report""]","[{""symbolDisplay"": ""KIS""}]","[{""symbol"": ""G6M"", ""xid"": ""142754"", ""ASXSecurityType"": 1, ""displayName"": ""GROUP 6 METALS LIMITED"", ""issueType"": ""CS"", ""issueTypeName"": ""Common Stock"", ""issueTypeCode"": 1, ""isin"": ""AU0000188021"", ""xidEntity"": 204150649}]","[""KIS"", """"]"
G6M,204150649,2995-01202751-2A642483,2011-07-29T07:13:00.000Z,Quarterly Activities Report June 2011,65KB,true,KIS,,"[""Fourth Quarter Activities Report""]","[{""symbolDisplay"": ""KIS""}]","[{""symbol"": ""G6M"", ""xid"": ""142754"", ""ASXSecurityType"": 1, ""displayName"": ""GROUP 6 METALS LIMITED"", ""issueType"": ""CS"", ""issueTypeName"": ""Common Stock"", ""issueTypeCode"": 1, ""isin"": ""AU0000188021"", ""xidEntity"": 204150649}]","[""KIS"", """"]"
G6M,204150649,2995-01198202-2A641021,2011-07-17T22:28:00.000Z,Appointment of Chief Metallurgist for Dolphin Project,42KB,false,KIS,,"[""Company Administration - Other""]","[{""symbolDisplay"": ""KIS""}]","[{""symbol"": ""G6M"", ""xid"": ""142754"", ""ASXSecurityType"": 1, ""displayName"": ""GROUP 6 METALS LIMITED"", ""issueType"": ""CS"", ""issueTypeName"": ""Common Stock"", ""issueTypeCode"": 1, ""isin"": ""AU0000188021"", ""xidEntity"": 204150649}]","[""KIS"", """"]"
G6M,204150649,2995-01196854-2A640550,2011-07-12T00:04:00.000Z,Dolphin Project Drilling Update,781KB,true,KIS,,"[""Progress Report""]","[{""symbolDisplay"": ""KIS""}]","[{""symbol"": ""G6M"", ""xid"": ""142754"", ""ASXSecurityType"": 1, ""displayName"": ""GROUP 6 METALS LIMITED"", ""issueType"": ""CS"", ""issueTypeName"": ""Common Stock"", ""issueTypeCode"": 1, ""isin"": ""AU0000188021"", ""xidEntity"": 204150649}]","[""KIS"", """"]"
G6M,204150649,2995-01195987-2A640264,2011-07-07T06:43:00.000Z,Change in substantial holding Chadwick,63KB,false,KIS,,"[""Change in substantial holding""]","[{""symbolDisplay"": ""KIS""}]","[{""symbol"": ""G6M"", ""xid"": ""142754"", ""ASXSecurityType"": 1, ""displayName"": ""GROUP 6 METALS LIMITED"", ""issueType"": ""CS"", ""issueTypeName"": ""Common Stock"", ""issueTypeCode"": 1, ""isin"": ""AU0000188021"", ""xidEntity"": 204150649}]","[""KIS"", """"]"
G6M,204150649,2995-01194028-2A639520,2011-06-30T23:30:00.000Z,Mining Method Review Increases Tonnes for Dolphin Project,48KB,true,KIS,,"[""Progress Report""]","[{""symbolDisplay"": ""KIS""}]","[{""symbol"": ""G6M"", ""xid"": ""142754"", ""ASXSecurityType"": 1, ""displayName"": ""GROUP 6 METALS LIMITED"", ""issueType"": ""CS"", ""issueTypeName"": ""Common Stock"", ""issueTypeCode"": 1, ""isin"": ""AU0000188021"", ""xidEntity"": 204150649}]","[""KIS"", """"]"
G6M,204150649,2995-01193022-2A639142,2011-06-28T22:31:00.000Z,Change of Office where Registers are kept,42KB,false,KIS,,"[""Details of Share Registry address""]","[{""symbolDisplay"": ""KIS""}]","[{""symbol"": ""G6M"", ""xid"": ""142754"", ""ASXSecurityType"": 1, ""displayName"": ""GROUP 6 METALS LIMITED"", ""issueType"": ""CS"", ""issueTypeName"": ""Common Stock"", ""issueTypeCode"": 1, ""isin"": ""AU0000188021"", ""xidEntity"": 204150649}]","[""KIS"", """"]"
G6M,204150649,2995-01192775-2A639062,2011-06-28T01:23:00.000Z,Dolphin Project Tailings Resource Confirmed,78KB,true,KIS,,"[""Progress Report""]","[{""symbolDisplay"": ""KIS""}]","[{""symbol"": ""G6M"", ""xid"": ""142754"", ""ASXSecurityType"": 1, ""displayName"": ""GROUP 6 METALS LIMITED"", ""issueType"": ""CS"", ""issueTypeName"": ""Common Stock"", ""issueTypeCode"": 1, ""isin"": ""AU0000188021"", ""xidEntity"": 204150649}]","[""KIS"", """"]"
G6M,204150649,2995-01187126-2A636979,2011-06-07T00:11:00.000Z,Drill Rig Mobilised at Dolphin South,57KB,true,KIS,,"[""Progress Report""]","[{""symbolDisplay"": ""KIS""}]","[{""symbol"": ""G6M"", ""xid"": ""142754"", ""ASXSecurityType"": 1, ""displayName"": ""GROUP 6 METALS LIMITED"", ""issueType"": ""CS"", ""issueTypeName"": ""Common Stock"", ""issueTypeCode"": 1, ""isin"": ""AU0000188021"", ""xidEntity"": 204150649}]","[""KIS"", """"]"
G6M,204150649,2995-01183555-2A635609,2011-05-25T00:47:00.000Z,Change in substantial holding,130KB,false,KIS,,"[""Change in substantial holding""]","[{""symbolDisplay"": ""KIS""}]","[{""symbol"": ""G6M"", ""xid"": ""142754"", ""ASXSecurityType"": 1, ""displayName"": ""GROUP 6 METALS LIMITED"", ""issueType"": ""CS"", ""issueTypeName"": ""Common Stock"", ""issueTypeCode"": 1, ""isin"": ""AU0000188021"", ""xidEntity"": 204150649}]","[""KIS"", """"]"
G6M,204150649,2995-01182435-2A635233,2011-05-20T01:23:00.000Z,Initial Director`s Interest Notice Wu,11KB,false,KIS,,"[""Initial Director's Interest Notice""]","[{""symbolDisplay"": ""KIS""}]","[{""symbol"": ""G6M"", ""xid"": ""142754"", ""ASXSecurityType"": 1, ""displayName"": ""GROUP 6 METALS LIMITED"", ""issueType"": ""CS"", ""issueTypeName"": ""Common Stock"", ""issueTypeCode"": 1, ""isin"": ""AU0000188021"", ""xidEntity"": 204150649}]","[""KIS"", """"]"
G6M,204150649,2995-01182433-2A635232,2011-05-20T01:21:00.000Z,Initial Director`s Interest Notice Li,11KB,false,KIS,,"[""Initial Director's Interest Notice""]","[{""symbolDisplay"": ""KIS""}]","[{""symbol"": ""G6M"", ""xid"": ""142754"", ""ASXSecurityType"": 1, ""displayName"": ""GROUP 6 METALS LIMITED"", ""issueType"": ""CS"", ""issueTypeName"": ""Common Stock"", ""issueTypeCode"": 1, ""isin"": ""AU0000188021"", ""xidEntity"": 204150649}]","[""KIS"", """"]"
G6M,204150649,2995-01182432-2A635231,2011-05-20T01:20:00.000Z,Final Director`s Interest Notice Fan,11KB,false,KIS,,"[""Final Director's Interest Notice""]","[{""symbolDisplay"": ""KIS""}]","[{""symbol"": ""G6M"", ""xid"": ""142754"", ""ASXSecurityType"": 1, ""displayName"": ""GROUP 6 METALS LIMITED"", ""issueType"": ""CS"", ""issueTypeName"": ""Common Stock"", ""issueTypeCode"": 1, ""isin"": ""AU0000188021"", ""xidEntity"": 204150649}]","[""KIS"", """"]"
G6M,204150649,2995-01182430-2A635230,2011-05-20T01:18:00.000Z,Final Director`s Interest Notice Zeng,11KB,false,KIS,,"[""Final Director's Interest Notice""]","[{""symbolDisplay"": ""KIS""}]","[{""symbol"": ""G6M"", ""xid"": ""142754"", ""ASXSecurityType"": 1, ""displayName"": ""GROUP 6 METALS LIMITED"", ""issueType"": ""CS"", ""issueTypeName"": ""Common Stock"", ""issueTypeCode"": 1, ""isin"": ""AU0000188021"", ""xidEntity"": 204150649}]","[""KIS"", """"]"
G6M,204150649,2995-01182271-2A635158,2011-05-19T06:56:00.000Z,Director Appointment (Li) / Resignation (Zeng),51KB,false,KIS,,"[""Director Appointment/Resignation""]","[{""symbolDisplay"": ""KIS""}]","[{""symbol"": ""G6M"", ""xid"": ""142754"", ""ASXSecurityType"": 1, ""displayName"": ""GROUP 6 METALS LIMITED"", ""issueType"": ""CS"", ""issueTypeName"": ""Common Stock"", ""issueTypeCode"": 1, ""isin"": ""AU0000188021"", ""xidEntity"": 204150649}]","[""KIS"", """"]"
G6M,204150649,2995-01178404-2A633594,2011-05-06T00:38:00.000Z,Top 20 Shareholders,41KB,false,KIS,,"[""Company Administration - Other""]","[{""symbolDisplay"": ""KIS""}]","[{""symbol"": ""G6M"", ""xid"": ""142754"", ""ASXSecurityType"": 1, ""displayName"": ""GROUP 6 METALS LIMITED"", ""issueType"": ""CS"", ""issueTypeName"": ""Common Stock"", ""issueTypeCode"": 1, ""isin"": ""AU0000188021"", ""xidEntity"": 204150649}]","[""KIS"", """"]"
G6M,204150649,2995-01175268-2A632653,2011-04-28T22:54:00.000Z,Quarterly Cashflow Report March 2011,101KB,true,KIS,,"[""Third Quarter Cash Flow Report""]","[{""symbolDisplay"": ""KIS""}]","[{""symbol"": ""G6M"", ""xid"": ""142754"", ""ASXSecurityType"": 1, ""displayName"": ""GROUP 6 METALS LIMITED"", ""issueType"": ""CS"", ""issueTypeName"": ""Common Stock"", ""issueTypeCode"": 1, ""isin"": ""AU0000188021"", ""xidEntity"": 204150649}]","[""KIS"", """"]"
G6M,204150649,2995-01175267-2A632652,2011-04-28T22:52:00.000Z,Quarterly Activities Report March 2011,66KB,true,KIS,,"[""Third Quarter Activities Report""]","[{""symbolDisplay"": ""KIS""}]","[{""symbol"": ""G6M"", ""xid"": ""142754"", ""ASXSecurityType"": 1, ""displayName"": ""GROUP 6 METALS LIMITED"", ""issueType"": ""CS"", ""issueTypeName"": ""Common Stock"", ""issueTypeCode"": 1, ""isin"": ""AU0000188021"", ""xidEntity"": 204150649}]","[""KIS"", """"]"
G6M,204150649,2995-01173766-2A632212,2011-04-21T05:35:00.000Z,Change in substantial holding Morritt,316KB,false,KIS,,"[""Change in substantial holding""]","[{""symbolDisplay"": ""KIS""}]","[{""symbol"": ""G6M"", ""xid"": ""142754"", ""ASXSecurityType"": 1, ""displayName"": ""GROUP 6 METALS LIMITED"", ""issueType"": ""CS"", ""issueTypeName"": ""Common Stock"", ""issueTypeCode"": 1, ""isin"": ""AU0000188021"", ""xidEntity"": 204150649}]","[""KIS"", """"]"
G6M,204150649,2995-01173695-2A632186,2011-04-21T04:11:00.000Z,Change of Director`s Interest Notice Plummer,20KB,false,KIS,,"[""Change of Director's Interest Notice""]","[{""symbolDisplay"": ""KIS""}]","[{""symbol"": ""G6M"", ""xid"": ""142754"", ""ASXSecurityType"": 1, ""displayName"": ""GROUP 6 METALS LIMITED"", ""issueType"": ""CS"", ""issueTypeName"": ""Common Stock"", ""issueTypeCode"": 1, ""isin"": ""AU0000188021"", ""xidEntity"": 204150649}]","[""KIS"", """"]"
G6M,204150649,2995-01173692-2A632185,2011-04-21T04:10:00.000Z,Change of Director`s Interest Notice Haggarty,15KB,false,KIS,,"[""Change of Director's Interest Notice""]","[{""symbolDisplay"": ""KIS""}]","[{""symbol"": ""G6M"", ""xid"": ""142754"", ""ASXSecurityType"": 1, ""displayName"": ""GROUP 6 METALS LIMITED"", ""issueType"": ""CS"", ""issueTypeName"": ""Common Stock"", ""issueTypeCode"": 1, ""isin"": ""AU0000188021"", ""xidEntity"": 204150649}]","[""KIS"", """"]"
G6M,204150649,2995-01173691-2A632184,2011-04-21T04:09:00.000Z,Change in substantial holding HFTT,23KB,false,KIS,,"[""Change in substantial holding""]","[{""symbolDisplay"": ""KIS""}]","[{""symbol"": ""G6M"", ""xid"": ""142754"", ""ASXSecurityType"": 1, ""displayName"": ""GROUP 6 METALS LIMITED"", ""issueType"": ""CS"", ""issueTypeName"": ""Common Stock"", ""issueTypeCode"": 1, ""isin"": ""AU0000188021"", ""xidEntity"": 204150649}]","[""KIS"", """"]"
G6M,204150649,2995-01173209-2A631988,2011-04-20T04:46:00.000Z,Placement Cleansing Notice,46KB,false,KIS,,"[""Placement"", ""Issued Capital - Other""]","[{""symbolDisplay"": ""KIS""}]","[{""symbol"": ""G6M"", ""xid"": ""142754"", ""ASXSecurityType"": 1, ""displayName"": ""GROUP 6 METALS LIMITED"", ""issueType"": ""CS"", ""issueTypeName"": ""Common Stock"", ""issueTypeCode"": 1, ""isin"": ""AU0000188021"", ""xidEntity"": 204150649}]","[""KIS"", """"]"
G6M,204150649,2995-01173208-2A631987,2011-04-20T04:44:00.000Z,Appendix 3B,48KB,false,KIS,,"[""Appendix 3B""]","[{""symbolDisplay"": ""KIS""}]","[{""symbol"": ""G6M"", ""xid"": ""142754"", ""ASXSecurityType"": 1, ""displayName"": ""GROUP 6 METALS LIMITED"", ""issueType"": ""CS"", ""issueTypeName"": ""Common Stock"", ""issueTypeCode"": 1, ""isin"": ""AU0000188021"", ""xidEntity"": 204150649}]","[""KIS"", """"]"
G6M,204150649,2995-01171706-2A631545,2011-04-15T02:23:00.000Z,Change in substantial holding Morritt,311KB,false,KIS,,"[""Change in substantial holding""]","[{""symbolDisplay"": ""KIS""}]","[{""symbol"": ""G6M"", ""xid"": ""142754"", ""ASXSecurityType"": 1, ""displayName"": ""GROUP 6 METALS LIMITED"", ""issueType"": ""CS"", ""issueTypeName"": ""Common Stock"", ""issueTypeCode"": 1, ""isin"": ""AU0000188021"", ""xidEntity"": 204150649}]","[""KIS"", """"]"
G6M,204150649,2995-01171269-2A631387,2011-04-14T02:51:00.000Z,Change in substantial holding HFTT,341KB,false,KIS,,"[""Change in substantial holding""]","[{""symbolDisplay"": ""KIS""}]","[{""symbol"": ""G6M"", ""xid"": ""142754"", ""ASXSecurityType"": 1, ""displayName"": ""GROUP 6 METALS LIMITED"", ""issueType"": ""CS"", ""issueTypeName"": ""Common Stock"", ""issueTypeCode"": 1, ""isin"": ""AU0000188021"", ""xidEntity"": 204150649}]","[""KIS"", """"]"
G6M,204150649,2995-01171268-2A631385,2011-04-14T02:48:00.000Z,Change of Director`s Interest Notice Plummer,30KB,false,KIS,,"[""Change of Director's Interest Notice""]","[{""symbolDisplay"": ""KIS""}]","[{""symbol"": ""G6M"", ""xid"": ""142754"", ""ASXSecurityType"": 1, ""displayName"": ""GROUP 6 METALS LIMITED"", ""issueType"": ""CS"", ""issueTypeName"": ""Common Stock"", ""issueTypeCode"": 1, ""isin"": ""AU0000188021"", ""xidEntity"": 204150649}]","[""KIS"", """"]"
G6M,204150649,2995-01171267-2A631384,2011-04-14T02:46:00.000Z,Change of Director`s Interest Notice Haggarty,25KB,false,KIS,,"[""Change of Director's Interest Notice""]","[{""symbolDisplay"": ""KIS""}]","[{""symbol"": ""G6M"", ""xid"": ""142754"", ""ASXSecurityType"": 1, ""displayName"": ""GROUP 6 METALS LIMITED"", ""issueType"": ""CS"", ""issueTypeName"": ""Common Stock"", ""issueTypeCode"": 1, ""isin"": ""AU0000188021"", ""xidEntity"": 204150649}]","[""KIS"", """"]"
G6M,204150649,2995-01171264-2A631383,2011-04-14T02:44:00.000Z,Change of Director`s Interest Notice Morritt,29KB,false,KIS,,"[""Change of Director's Interest Notice""]","[{""symbolDisplay"": ""KIS""}]","[{""symbol"": ""G6M"", ""xid"": ""142754"", ""ASXSecurityType"": 1, ""displayName"": ""GROUP 6 METALS LIMITED"", ""issueType"": ""CS"", ""issueTypeName"": ""Common Stock"", ""issueTypeCode"": 1, ""isin"": ""AU0000188021"", ""xidEntity"": 204150649}]","[""KIS"", """"]"
G6M,204150649,2995-01171231-2A631367,2011-04-14T01:35:00.000Z,Appendix 3B,48KB,false,KIS,,"[""Renounceable Issue"", ""Appendix 3B""]","[{""symbolDisplay"": ""KIS""}]","[{""symbol"": ""G6M"", ""xid"": ""142754"", ""ASXSecurityType"": 1, ""displayName"": ""GROUP 6 METALS LIMITED"", ""issueType"": ""CS"", ""issueTypeName"": ""Common Stock"", ""issueTypeCode"": 1, ""isin"": ""AU0000188021"", ""xidEntity"": 204150649}]","[""KIS"", """"]"
G6M,204150649,2995-01170515-2A631093,2011-04-12T04:58:00.000Z,Rights Offer Closes and Additional Fund Raising,44KB,true,KIS,,"[""Renounceable Issue"", ""Issued Capital - Other""]","[{""symbolDisplay"": ""KIS""}]","[{""symbol"": ""G6M"", ""xid"": ""142754"", ""ASXSecurityType"": 1, ""displayName"": ""GROUP 6 METALS LIMITED"", ""issueType"": ""CS"", ""issueTypeName"": ""Common Stock"", ""issueTypeCode"": 1, ""isin"": ""AU0000188021"", ""xidEntity"": 204150649}]","[""KIS"", """"]"
G6M,204150649,2995-01165726-2A629333,2011-03-28T05:27:00.000Z,Change of Director`s Interest Notice Morritt,29KB,false,KIS,,"[""Change of Director's Interest Notice""]","[{""symbolDisplay"": ""KIS""}]","[{""symbol"": ""G6M"", ""xid"": ""142754"", ""ASXSecurityType"": 1, ""displayName"": ""GROUP 6 METALS LIMITED"", ""issueType"": ""CS"", ""issueTypeName"": ""Common Stock"", ""issueTypeCode"": 1, ""isin"": ""AU0000188021"", ""xidEntity"": 204150649}]","[""KIS"", """"]"
G6M,204150649,2995-01164999-2A629022,2011-03-24T07:03:00.000Z,Rights Information Booklet Despatch,41KB,false,KIS,,"[""Renounceable Issue"", ""New Issue Letter of Offer & Acc. Form""]","[{""symbolDisplay"": ""KIS""}]","[{""symbol"": ""G6M"", ""xid"": ""142754"", ""ASXSecurityType"": 1, ""displayName"": ""GROUP 6 METALS LIMITED"", ""issueType"": ""CS"", ""issueTypeName"": ""Common Stock"", ""issueTypeCode"": 1, ""isin"": ""AU0000188021"", ""xidEntity"": 204150649}]","[""KIS"", """"]"
G6M,204150649,2995-01164582-2A628838,2011-03-23T05:22:00.000Z,Rights Issue Cleansing Notice,46KB,false,KIS,,"[""Renounceable Issue"", ""Issued Capital - Other""]","[{""symbolDisplay"": ""KIS""}]","[{""symbol"": ""G6M"", ""xid"": ""142754"", ""ASXSecurityType"": 1, ""displayName"": ""GROUP 6 METALS LIMITED"", ""issueType"": ""CS"", ""issueTypeName"": ""Common Stock"", ""issueTypeCode"": 1, ""isin"": ""AU0000188021"", ""xidEntity"": 204150649}]","[""KIS"", """"]"
G6M,204150649,2995-01162966-2A628253,2011-03-17T06:35:00.000Z,Change of Director`s Interest Notice Plummer,30KB,false,KIS,,"[""Change of Director's Interest Notice""]","[{""symbolDisplay"": ""KIS""}]","[{""symbol"": ""G6M"", ""xid"": ""142754"", ""ASXSecurityType"": 1, ""displayName"": ""GROUP 6 METALS LIMITED"", ""issueType"": ""CS"", ""issueTypeName"": ""Common Stock"", ""issueTypeCode"": 1, ""isin"": ""AU0000188021"", ""xidEntity"": 204150649}]","[""KIS"", """"]"
G6M,204150649,2995-01162964-2A628252,2011-03-17T06:35:00.000Z,Change of Director`s Interest Notice Haggarty,25KB,false,KIS,,"[""Change of Director's Interest Notice""]","[{""symbolDisplay"": ""KIS""}]","[{""symbol"": ""G6M"", ""xid"": ""142754"", ""ASXSecurityType"": 1, ""displayName"": ""GROUP 6 METALS LIMITED"", ""issueType"": ""CS"", ""issueTypeName"": ""Common Stock"", ""issueTypeCode"": 1, ""isin"": ""AU0000188021"", ""xidEntity"": 204150649}]","[""KIS"", """"]"
G6M,204150649,2995-01162348-2A628052,2011-03-16T04:22:00.000Z,Change of Director`s Interest Notice Morritt,24KB,false,KIS,,"[""Change of Director's Interest Notice""]","[{""symbolDisplay"": ""KIS""}]","[{""symbol"": ""G6M"", ""xid"": ""142754"", ""ASXSecurityType"": 1, ""displayName"": ""GROUP 6 METALS LIMITED"", ""issueType"": ""CS"", ""issueTypeName"": ""Common Stock"", ""issueTypeCode"": 1, ""isin"": ""AU0000188021"", ""xidEntity"": 204150649}]","[""KIS"", """"]"
G6M,204150649,2995-01161520-2A627796,2011-03-14T21:27:00.000Z,Letter to Shareholders Renounceable Rights Issue Offer,61KB,false,KIS,,"[""Renounceable Issue"", ""Letter to Shareholders""]","[{""symbolDisplay"": ""KIS""}]","[{""symbol"": ""G6M"", ""xid"": ""142754"", ""ASXSecurityType"": 1, ""displayName"": ""GROUP 6 METALS LIMITED"", ""issueType"": ""CS"", ""issueTypeName"": ""Common Stock"", ""issueTypeCode"": 1, ""isin"": ""AU0000188021"", ""xidEntity"": 204150649}]","[""KIS"", """"]"
G6M,204150649,2995-01160772-2A627516,2011-03-10T23:48:00.000Z,Appendix 3B,41KB,false,KIS,,"[""Renounceable Issue"", ""Appendix 3B""]","[{""symbolDisplay"": ""KIS""}]","[{""symbol"": ""G6M"", ""xid"": ""142754"", ""ASXSecurityType"": 1, ""displayName"": ""GROUP 6 METALS LIMITED"", ""issueType"": ""CS"", ""issueTypeName"": ""Common Stock"", ""issueTypeCode"": 1, ""isin"": ""AU0000188021"", ""xidEntity"": 204150649}]","[""KIS"", """"]"
G6M,204150649,2995-01160767-2A627514,2011-03-10T23:40:00.000Z,Rights Issue Information Booklet,904KB,true,KIS,,"[""Renounceable Issue"", ""Disclosure Document""]","[{""symbolDisplay"": ""KIS""}]","[{""symbol"": ""G6M"", ""xid"": ""142754"", ""ASXSecurityType"": 1, ""displayName"": ""GROUP 6 METALS LIMITED"", ""issueType"": ""CS"", ""issueTypeName"": ""Common Stock"", ""issueTypeCode"": 1, ""isin"": ""AU0000188021"", ""xidEntity"": 204150649}]","[""KIS"", """"]"
G6M,204150649,2995-01160747-2A627507,2011-03-10T23:06:00.000Z,Letter to Option Holder,44KB,false,KIS,,"[""Renounceable Issue"", ""Letter to Shareholders - Other""]","[{""symbolDisplay"": ""KIS""}]","[{""symbol"": ""G6M"", ""xid"": ""142754"", ""ASXSecurityType"": 1, ""displayName"": ""GROUP 6 METALS LIMITED"", ""issueType"": ""CS"", ""issueTypeName"": ""Common Stock"", ""issueTypeCode"": 1, ""isin"": ""AU0000188021"", ""xidEntity"": 204150649}]","[""KIS"", """"]"
G6M,204150649,2995-01160743-2A627506,2011-03-10T23:05:00.000Z,Letter to Ineligible Shareholders,44KB,false,KIS,,"[""Renounceable Issue"", ""Letter to Shareholders""]","[{""symbolDisplay"": ""KIS""}]","[{""symbol"": ""G6M"", ""xid"": ""142754"", ""ASXSecurityType"": 1, ""displayName"": ""GROUP 6 METALS LIMITED"", ""issueType"": ""CS"", ""issueTypeName"": ""Common Stock"", ""issueTypeCode"": 1, ""isin"": ""AU0000188021"", ""xidEntity"": 204150649}]","[""KIS"", """"]"
G6M,204150649,2995-01160742-2A627502,2011-03-10T23:05:00.000Z,"King Island Scheelite to raise approximately $4,054,294",44KB,true,KIS,,"[""Renounceable Issue"", ""Trading Halt Lifted""]","[{""symbolDisplay"": ""KIS""}]","[{""symbol"": ""G6M"", ""xid"": ""142754"", ""ASXSecurityType"": 1, ""displayName"": ""GROUP 6 METALS LIMITED"", ""issueType"": ""CS"", ""issueTypeName"": ""Common Stock"", ""issueTypeCode"": 1, ""isin"": ""AU0000188021"", ""xidEntity"": 204150649}]","[""KIS"", """"]"
G6M,204150649,2995-01159810-2A627185,2011-03-08T21:51:00.000Z,Trading Halt,230KB,true,KIS,,"[""Trading Halt""]","[{""symbolDisplay"": ""KIS""}]","[{""symbol"": ""G6M"", ""xid"": ""142754"", ""ASXSecurityType"": 1, ""displayName"": ""GROUP 6 METALS LIMITED"", ""issueType"": ""CS"", ""issueTypeName"": ""Common Stock"", ""issueTypeCode"": 1, ""isin"": ""AU0000188021"", ""xidEntity"": 204150649}]","[""KIS"", """"]"
G6M,204150649,2995-01158287-2A626545,2011-03-03T05:51:00.000Z,Ceasing to be a substantial holder The Glen Rural,537KB,false,KIS,,"[""Ceasing to be a substantial holder""]","[{""symbolDisplay"": ""KIS""}]","[{""symbol"": ""G6M"", ""xid"": ""142754"", ""ASXSecurityType"": 1, ""displayName"": ""GROUP 6 METALS LIMITED"", ""issueType"": ""CS"", ""issueTypeName"": ""Common Stock"", ""issueTypeCode"": 1, ""isin"": ""AU0000188021"", ""xidEntity"": 204150649, ""sector"": ""Materials"", ""industryGroup"": ""Materials"", ""industry"": ""Metals & Mining"", ""subIndustry"": ""Diversified Metals & Mining""}]","[""KIS"", """"]"
G6M,204150649,2995-01158281-2A626540,2011-03-03T05:48:00.000Z,Becoming a substantial holder HFTT,751KB,false,KIS,,"[""Becoming a substantial holder""]","[{""symbolDisplay"": ""KIS""}]","[{""symbol"": ""G6M"", ""xid"": ""142754"", ""ASXSecurityType"": 1, ""displayName"": ""GROUP 6 METALS LIMITED"", ""issueType"": ""CS"", ""issueTypeName"": ""Common Stock"", ""issueTypeCode"": 1, ""isin"": ""AU0000188021"", ""xidEntity"": 204150649, ""sector"": ""Materials"", ""industryGroup"": ""Materials"", ""industry"": ""Metals & Mining"", ""subIndustry"": ""Diversified Metals & Mining""}]","[""KIS"", """"]"
G6M,204150649,2995-01158275-2A626536,2011-03-03T05:43:00.000Z,Change of Director`s Interest Notice Haggarty,25KB,false,KIS,,"[""Change of Director's Interest Notice""]","[{""symbolDisplay"": ""KIS""}]","[{""symbol"": ""G6M"", ""xid"": ""142754"", ""ASXSecurityType"": 1, ""displayName"": ""GROUP 6 METALS LIMITED"", ""issueType"": ""CS"", ""issueTypeName"": ""Common Stock"", ""issueTypeCode"": 1, ""isin"": ""AU0000188021"", ""xidEntity"": 204150649, ""sector"": ""Materials"", ""industryGroup"": ""Materials"", ""industry"": ""Metals & Mining"", ""subIndustry"": ""Diversified Metals & Mining""}]","[""KIS"", """"]"
G6M,204150649,2995-01152496-2A624377,2011-02-18T04:46:00.000Z,Half Year Accounts December 2010,1191KB,false,KIS,,"[""Half Year Audit Review"", ""Half Year Directors' Statement"", ""Half Year Accounts"", ""Half Year Directors' Report""]","[{""symbolDisplay"": ""KIS""}]","[{""symbol"": ""G6M"", ""xid"": ""142754"", ""ASXSecurityType"": 1, ""displayName"": ""GROUP 6 METALS LIMITED"", ""issueType"": ""CS"", ""issueTypeName"": ""Common Stock"", ""issueTypeCode"": 1, ""isin"": ""AU0000188021"", ""xidEntity"": 204150649, ""sector"": ""Materials"", ""industryGroup"": ""Materials"", ""industry"": ""Metals & Mining"", ""subIndustry"": ""Diversified Metals & Mining""}]","[""KIS"", """"]"
G6M,204150649,2995-01150406-2A623582,2011-02-13T21:32:00.000Z,Broker Briefing on Dolphin Project,940KB,true,KIS,,"[""Progress Report"", ""Progress Report - Other"", ""Chairman's Address - Other""]","[{""symbolDisplay"": ""KIS""}]","[{""symbol"": ""G6M"", ""xid"": ""142754"", ""ASXSecurityType"": 1, ""displayName"": ""GROUP 6 METALS LIMITED"", ""issueType"": ""CS"", ""issueTypeName"": ""Common Stock"", ""issueTypeCode"": 1, ""isin"": ""AU0000188021"", ""xidEntity"": 204150649, ""sector"": ""Materials"", ""industryGroup"": ""Materials"", ""industry"": ""Metals & Mining"", ""subIndustry"": ""Diversified Metals & Mining""}]","[""KIS"", """"]"
G6M,204150649,2995-01146484-2A622221,2011-01-31T05:18:00.000Z,Quarterly Cashflow Report December 2010,106KB,true,KIS,,"[""Second Quarter Cash Flow Report""]","[{""symbolDisplay"": ""KIS""}]","[{""symbol"": ""G6M"", ""xid"": ""142754"", ""ASXSecurityType"": 1, ""displayName"": ""GROUP 6 METALS LIMITED"", ""issueType"": ""CS"", ""issueTypeName"": ""Common Stock"", ""issueTypeCode"": 1, ""isin"": ""AU0000188021"", ""xidEntity"": 204150649, ""sector"": ""Materials"", ""industryGroup"": ""Materials"", ""industry"": ""Metals & Mining"", ""subIndustry"": ""Diversified Metals & Mining""}]","[""KIS"", """"]"
G6M,204150649,2995-01146480-2A622220,2011-01-31T05:16:00.000Z,Quarterly Activities Report December 2010,63KB,true,KIS,,"[""Second Quarter Activities Report""]","[{""symbolDisplay"": ""KIS""}]","[{""symbol"": ""G6M"", ""xid"": ""142754"", ""ASXSecurityType"": 1, ""displayName"": ""GROUP 6 METALS LIMITED"", ""issueType"": ""CS"", ""issueTypeName"": ""Common Stock"", ""issueTypeCode"": 1, ""isin"": ""AU0000188021"", ""xidEntity"": 204150649, ""sector"": ""Materials"", ""industryGroup"": ""Materials"", ""industry"": ""Metals & Mining"", ""subIndustry"": ""Diversified Metals & Mining""}]","[""KIS"", """"]"
G6M,204150649,2995-01143562-2A621388,2011-01-21T05:41:00.000Z,Update of Expected Results,42KB,true,KIS,,"[""Periodic Reports - Other""]","[{""symbolDisplay"": ""KIS""}]","[{""symbol"": ""G6M"", ""xid"": ""142754"", ""ASXSecurityType"": 1, ""displayName"": ""GROUP 6 METALS LIMITED"", ""issueType"": ""CS"", ""issueTypeName"": ""Common Stock"", ""issueTypeCode"": 1, ""isin"": ""AU0000188021"", ""xidEntity"": 204150649, ""sector"": ""Materials"", ""industryGroup"": ""Materials"", ""industry"": ""Metals & Mining"", ""subIndustry"": ""Diversified Metals & Mining""}]","[""KIS"", """"]"
G6M,204150649,2995-01137288-2A619131,2010-12-23T22:46:00.000Z,Trading Policy,131KB,false,KIS,,"[""Trading Policy""]","[{""symbolDisplay"": ""KIS""}]","[{""symbol"": ""G6M"", ""xid"": ""142754"", ""ASXSecurityType"": 1, ""displayName"": ""GROUP 6 METALS LIMITED"", ""issueType"": ""CS"", ""issueTypeName"": ""Common Stock"", ""issueTypeCode"": 1, ""isin"": ""AU0000188021"", ""xidEntity"": 204150649, ""sector"": ""Materials"", ""industryGroup"": ""Materials"", ""industry"": ""Metals & Mining"", ""subIndustry"": ""Diversified Metals & Mining""}]","[""KIS"", """"]"
G6M,204150649,2995-01135805-2A618594,2010-12-22T01:14:00.000Z,Appointment of Corporate Advisor,41KB,false,KIS,,"[""Company Administration - Other""]","[{""symbolDisplay"": ""KIS""}]","[{""symbol"": ""G6M"", ""xid"": ""142754"", ""ASXSecurityType"": 1, ""displayName"": ""GROUP 6 METALS LIMITED"", ""issueType"": ""CS"", ""issueTypeName"": ""Common Stock"", ""issueTypeCode"": 1, ""isin"": ""AU0000188021"", ""xidEntity"": 204150649, ""sector"": ""Materials"", ""industryGroup"": ""Materials"", ""industry"": ""Metals & Mining"", ""subIndustry"": ""Diversified Metals & Mining""}]","[""KIS"", """"]"
G6M,204150649,2995-01134483-2A618105,2010-12-20T00:29:00.000Z,Termination Agreements with HNC now executed,42KB,true,KIS,,"[""Progress Report""]","[{""symbolDisplay"": ""KIS""}]","[{""symbol"": ""G6M"", ""xid"": ""142754"", ""ASXSecurityType"": 1, ""displayName"": ""GROUP 6 METALS LIMITED"", ""issueType"": ""CS"", ""issueTypeName"": ""Common Stock"", ""issueTypeCode"": 1, ""isin"": ""AU0000188021"", ""xidEntity"": 204150649, ""sector"": ""Materials"", ""industryGroup"": ""Materials"", ""industry"": ""Metals & Mining"", ""subIndustry"": ""Diversified Metals & Mining""}]","[""KIS"", """"]"
G6M,204150649,2995-01133545-2A617776,2010-12-16T05:49:00.000Z,Correction Change in substantial holding The Glen Rural,33KB,false,KIS,,"[""Change in substantial holding""]","[{""symbolDisplay"": ""KIS""}]","[{""symbol"": ""G6M"", ""xid"": ""142754"", ""ASXSecurityType"": 1, ""displayName"": ""GROUP 6 METALS LIMITED"", ""issueType"": ""CS"", ""issueTypeName"": ""Common Stock"", ""issueTypeCode"": 1, ""isin"": ""AU0000188021"", ""xidEntity"": 204150649, ""sector"": ""Materials"", ""industryGroup"": ""Materials"", ""industry"": ""Metals & Mining"", ""subIndustry"": ""Diversified Metals & Mining""}]","[""KIS"", """"]"
G6M,204150649,2995-01133528-2A617767,2010-12-16T05:29:00.000Z,Change of Director`s Interest Notice Plummer,19KB,false,KIS,,"[""Change of Director's Interest Notice""]","[{""symbolDisplay"": ""KIS""}]","[{""symbol"": ""G6M"", ""xid"": ""142754"", ""ASXSecurityType"": 1, ""displayName"": ""GROUP 6 METALS LIMITED"", ""issueType"": ""CS"", ""issueTypeName"": ""Common Stock"", ""issueTypeCode"": 1, ""isin"": ""AU0000188021"", ""xidEntity"": 204150649, ""sector"": ""Materials"", ""industryGroup"": ""Materials"", ""industry"": ""Metals & Mining"", ""subIndustry"": ""Diversified Metals & Mining""}]","[""KIS"", """"]"
G6M,204150649,2995-01133524-2A617765,2010-12-16T05:23:00.000Z,Change of Director`s Interest Notice Haggarty,28KB,false,KIS,,"[""Change of Director's Interest Notice""]","[{""symbolDisplay"": ""KIS""}]","[{""symbol"": ""G6M"", ""xid"": ""142754"", ""ASXSecurityType"": 1, ""displayName"": ""GROUP 6 METALS LIMITED"", ""issueType"": ""CS"", ""issueTypeName"": ""Common Stock"", ""issueTypeCode"": 1, ""isin"": ""AU0000188021"", ""xidEntity"": 204150649, ""sector"": ""Materials"", ""industryGroup"": ""Materials"", ""industry"": ""Metals & Mining"", ""subIndustry"": ""Diversified Metals & Mining""}]","[""KIS"", """"]"
G6M,204150649,2995-01133520-2A617762,2010-12-16T05:22:00.000Z,Change in substantial holding The Glen Rural,25KB,false,KIS,,"[""Change in substantial holding""]","[{""symbolDisplay"": ""KIS""}]","[{""symbol"": ""G6M"", ""xid"": ""142754"", ""ASXSecurityType"": 1, ""displayName"": ""GROUP 6 METALS LIMITED"", ""issueType"": ""CS"", ""issueTypeName"": ""Common Stock"", ""issueTypeCode"": 1, ""isin"": ""AU0000188021"", ""xidEntity"": 204150649, ""sector"": ""Materials"", ""industryGroup"": ""Materials"", ""industry"": ""Metals & Mining"", ""subIndustry"": ""Diversified Metals & Mining""}]","[""KIS"", """"]"
G6M,204150649,2995-01132493-2A617342,2010-12-14T06:21:00.000Z,Ceasing to be a substantial holder Gibson,669KB,false,KIS,,"[""Ceasing to be a substantial holder""]","[{""symbolDisplay"": ""KIS""}]","[{""symbol"": ""G6M"", ""xid"": ""142754"", ""ASXSecurityType"": 1, ""displayName"": ""GROUP 6 METALS LIMITED"", ""issueType"": ""CS"", ""issueTypeName"": ""Common Stock"", ""issueTypeCode"": 1, ""isin"": ""AU0000188021"", ""xidEntity"": 204150649, ""sector"": ""Materials"", ""industryGroup"": ""Materials"", ""industry"": ""Metals & Mining"", ""subIndustry"": ""Diversified Metals & Mining""}]","[""KIS"", """"]"
G6M,204150649,2995-01125283-2A615046,2010-11-25T05:58:00.000Z,Change of Registered Office,41KB,false,KIS,,"[""Details of Registered office address""]","[{""symbolDisplay"": ""KIS""}]","[{""symbol"": ""G6M"", ""xid"": ""142754"", ""ASXSecurityType"": 1, ""displayName"": ""GROUP 6 METALS LIMITED"", ""issueType"": ""CS"", ""issueTypeName"": ""Common Stock"", ""issueTypeCode"": 1, ""isin"": ""AU0000188021"", ""xidEntity"": 204150649, ""sector"": ""Materials"", ""industryGroup"": ""Materials"", ""industry"": ""Metals & Mining"", ""subIndustry"": ""Diversified Metals & Mining""}]","[""KIS"", """"]"
G6M,204150649,2995-01115694-2A611687,2010-10-29T06:56:00.000Z,Quarterly Cashflow Report September 2010,103KB,true,KIS,,"[""First Quarter Cash Flow Report""]","[{""symbolDisplay"": ""KIS""}]","[{""symbol"": ""G6M"", ""xid"": ""142754"", ""ASXSecurityType"": 1, ""displayName"": ""GROUP 6 METALS LIMITED"", ""issueType"": ""CS"", ""issueTypeName"": ""Common Stock"", ""issueTypeCode"": 1, ""isin"": ""AU0000188021"", ""xidEntity"": 204150649, ""sector"": ""Materials"", ""industryGroup"": ""Materials"", ""industry"": ""Metals & Mining"", ""subIndustry"": ""Diversified Metals & Mining""}]","[""KIS"", """"]"
G6M,204150649,2995-01115692-2A611686,2010-10-29T06:55:00.000Z,Quarterly Activities Report September 2010,52KB,true,KIS,,"[""First Quarter Activities Report""]","[{""symbolDisplay"": ""KIS""}]","[{""symbol"": ""G6M"", ""xid"": ""142754"", ""ASXSecurityType"": 1, ""displayName"": ""GROUP 6 METALS LIMITED"", ""issueType"": ""CS"", ""issueTypeName"": ""Common Stock"", ""issueTypeCode"": 1, ""isin"": ""AU0000188021"", ""xidEntity"": 204150649, ""sector"": ""Materials"", ""industryGroup"": ""Materials"", ""industry"": ""Metals & Mining"", ""subIndustry"": ""Diversified Metals & Mining""}]","[""KIS"", """"]"
G6M,204150649,2995-01109958-2A610035,2010-10-20T02:13:00.000Z,Results of Meeting,40KB,false,KIS,,"[""Results of Meeting""]","[{""symbolDisplay"": ""KIS""}]","[{""symbol"": ""G6M"", ""xid"": ""142754"", ""ASXSecurityType"": 1, ""displayName"": ""GROUP 6 METALS LIMITED"", ""issueType"": ""CS"", ""issueTypeName"": ""Common Stock"", ""issueTypeCode"": 1, ""isin"": ""AU0000188021"", ""xidEntity"": 204150649, ""sector"": ""Materials"", ""industryGroup"": ""Materials"", ""industry"": ""Metals & Mining"", ""subIndustry"": ""Diversified Metals & Mining""}]","[""KIS"", """"]"
G6M,204150649,2995-01109918-2A610025,2010-10-20T00:59:00.000Z,Annual General Meeting Operations Review,1679KB,false,KIS,,"[""Progress Report""]","[{""symbolDisplay"": ""KIS""}]","[{""symbol"": ""G6M"", ""xid"": ""142754"", ""ASXSecurityType"": 1, ""displayName"": ""GROUP 6 METALS LIMITED"", ""issueType"": ""CS"", ""issueTypeName"": ""Common Stock"", ""issueTypeCode"": 1, ""isin"": ""AU0000188021"", ""xidEntity"": 204150649, ""sector"": ""Materials"", ""industryGroup"": ""Materials"", ""industry"": ""Metals & Mining"", ""subIndustry"": ""Diversified Metals & Mining""}]","[""KIS"", """"]"
G6M,204150649,2995-01109650-2A609936,2010-10-19T06:40:00.000Z,Agreement to terminate Dolphin Joint Venture,48KB,true,KIS,,"[""Asset Acquisition & Disposal - Other"", ""Progress Report""]","[{""symbolDisplay"": ""KIS""}]","[{""symbol"": ""G6M"", ""xid"": ""142754"", ""ASXSecurityType"": 1, ""displayName"": ""GROUP 6 METALS LIMITED"", ""issueType"": ""CS"", ""issueTypeName"": ""Common Stock"", ""issueTypeCode"": 1, ""isin"": ""AU0000188021"", ""xidEntity"": 204150649, ""sector"": ""Materials"", ""industryGroup"": ""Materials"", ""industry"": ""Metals & Mining"", ""subIndustry"": ""Diversified Metals & Mining""}]","[""KIS"", """"]"
G6M,204150649,2995-01104114-2A608080,2010-09-30T23:51:00.000Z,ITIA Presentation,596KB,false,KIS,,"[""Progress Report""]","[{""symbolDisplay"": ""KIS""}]","[{""symbol"": ""G6M"", ""xid"": ""142754"", ""ASXSecurityType"": 1, ""displayName"": ""GROUP 6 METALS LIMITED"", ""issueType"": ""CS"", ""issueTypeName"": ""Common Stock"", ""issueTypeCode"": 1, ""isin"": ""AU0000188021"", ""xidEntity"": 204150649, ""sector"": ""Materials"", ""industryGroup"": ""Materials"", ""industry"": ""Metals & Mining"", ""subIndustry"": ""Diversified Metals & Mining""}]","[""KIS"", """"]"
G6M,204150649,2995-01101084-2A607013,2010-09-24T00:00:00.000Z,Broker Update,1242KB,false,KIS,,"[""Progress Report - Other""]","[{""symbolDisplay"": ""KIS""}]","[{""symbol"": ""G6M"", ""xid"": ""142754"", ""ASXSecurityType"": 1, ""displayName"": ""GROUP 6 METALS LIMITED"", ""issueType"": ""CS"", ""issueTypeName"": ""Common Stock"", ""issueTypeCode"": 1, ""isin"": ""AU0000188021"", ""xidEntity"": 204150649, ""sector"": ""Materials"", ""industryGroup"": ""Materials"", ""industry"": ""Metals & Mining"", ""subIndustry"": ""Diversified Metals & Mining""}]","[""KIS"", """"]"
G6M,204150649,2995-01099027-2A606256,2010-09-17T02:01:00.000Z,Notice of Annual General Meeting/Proxy Form,113KB,false,KIS,,"[""Notice of Annual General Meeting"", ""Proxy Form""]","[{""symbolDisplay"": ""KIS""}]","[{""symbol"": ""G6M"", ""xid"": ""142754"", ""ASXSecurityType"": 1, ""displayName"": ""GROUP 6 METALS LIMITED"", ""issueType"": ""CS"", ""issueTypeName"": ""Common Stock"", ""issueTypeCode"": 1, ""isin"": ""AU0000188021"", ""xidEntity"": 204150649, ""sector"": ""Materials"", ""industryGroup"": ""Materials"", ""industry"": ""Metals & Mining"", ""subIndustry"": ""Diversified Metals & Mining""}]","[""KIS"", """"]"
G6M,204150649,2995-01095053-2A604693,2010-09-03T00:07:00.000Z,Full Year Statutory Accounts 2010,1506KB,false,KIS,,"[""Top 20 shareholders"", ""Full Year Accounts"", ""Full Year Audit Review"", ""Full Year Directors' Statement"", ""Full Year Directors' Report""]","[{""symbolDisplay"": ""KIS""}]","[{""symbol"": ""G6M"", ""xid"": ""142754"", ""ASXSecurityType"": 1, ""displayName"": ""GROUP 6 METALS LIMITED"", ""issueType"": ""CS"", ""issueTypeName"": ""Common Stock"", ""issueTypeCode"": 1, ""isin"": ""AU0000188021"", ""xidEntity"": 204150649, ""sector"": ""Materials"", ""industryGroup"": ""Materials"", ""industry"": ""Metals & Mining"", ""subIndustry"": ""Diversified Metals & Mining""}]","[""KIS"", """"]"
G6M,204150649,2995-01084294-2A600371,2010-07-30T06:33:00.000Z,Quarterly Cashflow Report June 2010,40KB,true,KIS,,"[""Fourth Quarter Cash Flow Report""]","[{""symbolDisplay"": ""KIS""}]","[{""symbol"": ""G6M"", ""xid"": ""142754"", ""ASXSecurityType"": 1, ""displayName"": ""GROUP 6 METALS LIMITED"", ""issueType"": ""CS"", ""issueTypeName"": ""Common Stock"", ""issueTypeCode"": 1, ""isin"": ""AU0000188021"", ""xidEntity"": 204150649, ""sector"": ""Materials"", ""industryGroup"": ""Materials"", ""industry"": ""Metals & Mining"", ""subIndustry"": ""Diversified Metals & Mining""}]","[""KIS"", """"]"
G6M,204150649,2995-01084293-2A600370,2010-07-30T06:31:00.000Z,Quarterly Activities Report June 2010,69KB,true,KIS,,"[""Fourth Quarter Activities Report""]","[{""symbolDisplay"": ""KIS""}]","[{""symbol"": ""G6M"", ""xid"": ""142754"", ""ASXSecurityType"": 1, ""displayName"": ""GROUP 6 METALS LIMITED"", ""issueType"": ""CS"", ""issueTypeName"": ""Common Stock"", ""issueTypeCode"": 1, ""isin"": ""AU0000188021"", ""xidEntity"": 204150649, ""sector"": ""Materials"", ""industryGroup"": ""Materials"", ""industry"": ""Metals & Mining"", ""subIndustry"": ""Diversified Metals & Mining""}]","[""KIS"", """"]"
G6M,204150649,2995-01080997-2A599344,2010-07-21T22:30:00.000Z,Another Copper Gold Intersection at Roaring 41 South,1754KB,true,KIS,,"[""Progress Report""]","[{""symbolDisplay"": ""KIS""}]","[{""symbol"": ""G6M"", ""xid"": ""142754"", ""ASXSecurityType"": 1, ""displayName"": ""GROUP 6 METALS LIMITED"", ""issueType"": ""CS"", ""issueTypeName"": ""Common Stock"", ""issueTypeCode"": 1, ""isin"": ""AU0000188021"", ""xidEntity"": 204150649, ""sector"": ""Materials"", ""industryGroup"": ""Materials"", ""industry"": ""Metals & Mining"", ""subIndustry"": ""Diversified Metals & Mining""}]","[""KIS"", """"]"
G6M,204150649,2995-01079435-2A598774,2010-07-14T23:32:00.000Z,Magnetite Copper Gold Mineralisation Intersected at Balfour,433KB,true,KIS,,"[""Progress Report""]","[{""symbolDisplay"": ""KIS""}]","[{""symbol"": ""G6M"", ""xid"": ""142754"", ""ASXSecurityType"": 1, ""displayName"": ""GROUP 6 METALS LIMITED"", ""issueType"": ""CS"", ""issueTypeName"": ""Common Stock"", ""issueTypeCode"": 1, ""isin"": ""AU0000188021"", ""xidEntity"": 204150649, ""sector"": ""Materials"", ""industryGroup"": ""Materials"", ""industry"": ""Metals & Mining"", ""subIndustry"": ""Diversified Metals & Mining""}]","[""KIS"", """"]"
G6M,204150649,2995-01078796-2A598536,2010-07-13T00:14:00.000Z,Investor Update,1007KB,false,KIS,,"[""Progress Report""]","[{""symbolDisplay"": ""KIS""}]","[{""symbol"": ""G6M"", ""xid"": ""142754"", ""ASXSecurityType"": 1, ""displayName"": ""GROUP 6 METALS LIMITED"", ""issueType"": ""CS"", ""issueTypeName"": ""Common Stock"", ""issueTypeCode"": 1, ""isin"": ""AU0000188021"", ""xidEntity"": 204150649, ""sector"": ""Materials"", ""industryGroup"": ""Materials"", ""industry"": ""Metals & Mining"", ""subIndustry"": ""Diversified Metals & Mining""}]","[""KIS"", """"]"
G6M,204150649,2995-01076590-2A597710,2010-07-02T08:21:00.000Z,Change in substantial holding Gibson,775KB,false,KIS,,"[""Change in substantial holding""]","[{""symbolDisplay"": ""KIS""}]","[{""symbol"": ""G6M"", ""xid"": ""142754"", ""ASXSecurityType"": 1, ""displayName"": ""GROUP 6 METALS LIMITED"", ""issueType"": ""CS"", ""issueTypeName"": ""Common Stock"", ""issueTypeCode"": 1, ""isin"": ""AU0000188021"", ""xidEntity"": 204150649, ""sector"": ""Materials"", ""industryGroup"": ""Materials"", ""industry"": ""Metals & Mining"", ""subIndustry"": ""Diversified Metals & Mining""}]","[""KIS"", """"]"
G6M,204150649,2995-01075372-2A597225,2010-06-30T00:13:00.000Z,Dolphin Joint Venture Preferred Redevelopment Plan,65KB,true,KIS,,"[""Progress Report""]","[{""symbolDisplay"": ""KIS""}]","[{""symbol"": ""G6M"", ""xid"": ""142754"", ""ASXSecurityType"": 1, ""displayName"": ""GROUP 6 METALS LIMITED"", ""issueType"": ""CS"", ""issueTypeName"": ""Common Stock"", ""issueTypeCode"": 1, ""isin"": ""AU0000188021"", ""xidEntity"": 204150649, ""sector"": ""Materials"", ""industryGroup"": ""Materials"", ""industry"": ""Metals & Mining"", ""subIndustry"": ""Diversified Metals & Mining""}]","[""KIS"", """"]"
G6M,204150649,2995-01071172-2A595546,2010-06-11T03:09:00.000Z,Balfour Drilling Recommences,38KB,true,KIS,,"[""Progress Report""]","[{""symbolDisplay"": ""KIS""}]","[{""symbol"": ""G6M"", ""xid"": ""142754"", ""ASXSecurityType"": 1, ""displayName"": ""GROUP 6 METALS LIMITED"", ""issueType"": ""CS"", ""issueTypeName"": ""Common Stock"", ""issueTypeCode"": 1, ""isin"": ""AU0000188021"", ""xidEntity"": 204150649, ""sector"": ""Materials"", ""industryGroup"": ""Materials"", ""industry"": ""Metals & Mining"", ""subIndustry"": ""Diversified Metals & Mining""}]","[""KIS"", """"]"
G6M,204150649,2995-01065222-2A593152,2010-05-19T06:39:00.000Z,Dolphin Joint Venture High Grade Scheelite Reserve,57KB,true,KIS,,"[""Progress Report""]","[{""symbolDisplay"": ""KIS""}]","[{""symbol"": ""G6M"", ""xid"": ""142754"", ""ASXSecurityType"": 1, ""displayName"": ""GROUP 6 METALS LIMITED"", ""issueType"": ""CS"", ""issueTypeName"": ""Common Stock"", ""issueTypeCode"": 1, ""isin"": ""AU0000188021"", ""xidEntity"": 204150649, ""sector"": ""Materials"", ""industryGroup"": ""Materials"", ""industry"": ""Metals & Mining"", ""subIndustry"": ""Diversified Metals & Mining""}]","[""KIS"", """"]"
G6M,204150649,2995-01060280-2A591278,2010-04-30T07:08:00.000Z,Quarterly Activities and Cash Flow Reports Mar 2010,87KB,true,KIS,,"[""Third Quarter Activities Report"", ""Third Quarter Cash Flow Report""]","[{""symbolDisplay"": ""KIS""}]","[{""symbol"": ""G6M"", ""xid"": ""142754"", ""ASXSecurityType"": 1, ""displayName"": ""GROUP 6 METALS LIMITED"", ""issueType"": ""CS"", ""issueTypeName"": ""Common Stock"", ""issueTypeCode"": 1, ""isin"": ""AU0000188021"", ""xidEntity"": 204150649, ""sector"": ""Materials"", ""industryGroup"": ""Materials"", ""industry"": ""Metals & Mining"", ""subIndustry"": ""Diversified Metals & Mining""}]","[""KIS"", """"]"
G6M,204150649,2995-01038318-2A582936,2010-02-17T03:59:00.000Z,Half Year Accounts December 2009,1406KB,true,KIS,,"[""Top 20 shareholders"", ""Half Yearly Report"", ""Half Year Audit Review"", ""Half Year Directors' Statement"", ""Half Year Accounts"", ""Half Year Directors' Report""]","[{""symbolDisplay"": ""KIS""}]","[{""symbol"": ""G6M"", ""xid"": ""142754"", ""ASXSecurityType"": 1, ""displayName"": ""GROUP 6 METALS LIMITED"", ""issueType"": ""CS"", ""issueTypeName"": ""Common Stock"", ""issueTypeCode"": 1, ""isin"": ""AU0000188021"", ""xidEntity"": 204150649, ""sector"": ""Materials"", ""industryGroup"": ""Materials"", ""industry"": ""Metals & Mining"", ""subIndustry"": ""Diversified Metals & Mining""}]","[""KIS"", """"]"
G6M,204150649,2995-01033414-2A581003,2010-01-29T06:39:00.000Z,Quarterly Cashflow Report December 2009,40KB,true,KIS,,"[""Second Quarter Cash Flow Report""]","[{""symbolDisplay"": ""KIS""}]","[{""symbol"": ""G6M"", ""xid"": ""142754"", ""ASXSecurityType"": 1, ""displayName"": ""GROUP 6 METALS LIMITED"", ""issueType"": ""CS"", ""issueTypeName"": ""Common Stock"", ""issueTypeCode"": 1, ""isin"": ""AU0000188021"", ""xidEntity"": 204150649, ""sector"": ""Materials"", ""industryGroup"": ""Materials"", ""industry"": ""Metals & Mining"", ""subIndustry"": ""Diversified Metals & Mining""}]","[""KIS"", """"]"
G6M,204150649,2995-01033410-2A581002,2010-01-29T06:38:00.000Z,Quarterly Activities Report December 2009,76KB,true,KIS,,"[""Second Quarter Activities Report""]","[{""symbolDisplay"": ""KIS""}]","[{""symbol"": ""G6M"", ""xid"": ""142754"", ""ASXSecurityType"": 1, ""displayName"": ""GROUP 6 METALS LIMITED"", ""issueType"": ""CS"", ""issueTypeName"": ""Common Stock"", ""issueTypeCode"": 1, ""isin"": ""AU0000188021"", ""xidEntity"": 204150649, ""sector"": ""Materials"", ""industryGroup"": ""Materials"", ""industry"": ""Metals & Mining"", ""subIndustry"": ""Diversified Metals & Mining""}]","[""KIS"", """"]"
G6M,204150649,2995-01026436-2A578435,2009-12-28T23:19:00.000Z,Becoming a substantial holder,185KB,false,KIS,,"[""Becoming a substantial holder""]","[{""symbolDisplay"": ""KIS""}]","[{""symbol"": ""G6M"", ""xid"": ""142754"", ""ASXSecurityType"": 1, ""displayName"": ""GROUP 6 METALS LIMITED"", ""issueType"": ""CS"", ""issueTypeName"": ""Common Stock"", ""issueTypeCode"": 1, ""isin"": ""AU0000188021"", ""xidEntity"": 204150649, ""sector"": ""Materials"", ""industryGroup"": ""Materials"", ""industry"": ""Metals & Mining"", ""subIndustry"": ""Diversified Metals & Mining""}]","[""KIS"", """"]"
G6M,204150649,2995-01025912-2A578196,2009-12-23T08:33:00.000Z,Drilling Update Balfour Tin - Tungsten Prospect - Amended,371KB,false,KIS,,"[""Progress Report""]","[{""symbolDisplay"": ""KIS""}]","[{""symbol"": ""G6M"", ""xid"": ""142754"", ""ASXSecurityType"": 1, ""displayName"": ""GROUP 6 METALS LIMITED"", ""issueType"": ""CS"", ""issueTypeName"": ""Common Stock"", ""issueTypeCode"": 1, ""isin"": ""AU0000188021"", ""xidEntity"": 204150649, ""sector"": ""Materials"", ""industryGroup"": ""Materials"", ""industry"": ""Metals & Mining"", ""subIndustry"": ""Diversified Metals & Mining""}]","[""KIS"", """"]"
G6M,204150649,2995-01025839-2A578183,2009-12-23T06:16:00.000Z,Drilling Update Balfour Tin - Tungsten Prospect,371KB,true,KIS,,"[""Progress Report""]","[{""symbolDisplay"": ""KIS""}]","[{""symbol"": ""G6M"", ""xid"": ""142754"", ""ASXSecurityType"": 1, ""displayName"": ""GROUP 6 METALS LIMITED"", ""issueType"": ""CS"", ""issueTypeName"": ""Common Stock"", ""issueTypeCode"": 1, ""isin"": ""AU0000188021"", ""xidEntity"": 204150649, ""sector"": ""Materials"", ""industryGroup"": ""Materials"", ""industry"": ""Metals & Mining"", ""subIndustry"": ""Diversified Metals & Mining""}]","[""KIS"", """"]"
G6M,204150649,2995-01020969-2A576291,2009-12-09T01:53:00.000Z,Ceasing to be a substantial holder,67KB,false,KIS,,"[""Becoming a substantial holder"", ""Ceasing to be a substantial holder""]","[{""symbolDisplay"": ""KIS""}]","[{""symbol"": ""G6M"", ""xid"": ""142754"", ""ASXSecurityType"": 1, ""displayName"": ""GROUP 6 METALS LIMITED"", ""issueType"": ""CS"", ""issueTypeName"": ""Common Stock"", ""issueTypeCode"": 1, ""isin"": ""AU0000188021"", ""xidEntity"": 204150649, ""sector"": ""Materials"", ""industryGroup"": ""Materials"", ""industry"": ""Metals & Mining"", ""subIndustry"": ""Diversified Metals & Mining""}]","[""KIS"", """"]"
G6M,204150649,2995-01004009-2A570515,2009-10-28T01:53:00.000Z,Quarterly Cashflow Report September 2009,36KB,true,KIS,,"[""First Quarter Cash Flow Report""]","[{""symbolDisplay"": ""KIS""}]","[{""symbol"": ""G6M"", ""xid"": ""142754"", ""ASXSecurityType"": 1, ""displayName"": ""GROUP 6 METALS LIMITED"", ""issueType"": ""CS"", ""issueTypeName"": ""Common Stock"", ""issueTypeCode"": 1, ""isin"": ""AU0000188021"", ""xidEntity"": 204150649, ""sector"": ""Materials"", ""industryGroup"": ""Materials"", ""industry"": ""Metals & Mining"", ""subIndustry"": ""Diversified Metals & Mining""}]","[""KIS"", """"]"
G6M,204150649,2995-01004008-2A570514,2009-10-28T01:53:00.000Z,Quarterly Activities Report September 2009,71KB,true,KIS,,"[""First Quarter Activities Report""]","[{""symbolDisplay"": ""KIS""}]","[{""symbol"": ""G6M"", ""xid"": ""142754"", ""ASXSecurityType"": 1, ""displayName"": ""GROUP 6 METALS LIMITED"", ""issueType"": ""CS"", ""issueTypeName"": ""Common Stock"", ""issueTypeCode"": 1, ""isin"": ""AU0000188021"", ""xidEntity"": 204150649, ""sector"": ""Materials"", ""industryGroup"": ""Materials"", ""industry"": ""Metals & Mining"", ""subIndustry"": ""Diversified Metals & Mining""}]","[""KIS"", """"]"
G6M,204150649,2995-01001222-2A569633,2009-10-21T23:31:00.000Z,Drilling Underway at Balfour,49KB,true,KIS,,"[""Progress Report""]","[{""symbolDisplay"": ""KIS""}]","[{""symbol"": ""G6M"", ""xid"": ""142754"", ""ASXSecurityType"": 1, ""displayName"": ""GROUP 6 METALS LIMITED"", ""issueType"": ""CS"", ""issueTypeName"": ""Common Stock"", ""issueTypeCode"": 1, ""isin"": ""AU0000188021"", ""xidEntity"": 204150649, ""sector"": ""Materials"", ""industryGroup"": ""Materials"", ""industry"": ""Metals & Mining"", ""subIndustry"": ""Diversified Metals & Mining""}]","[""KIS"", """"]"
G6M,204150649,2995-00998331-2A568621,2009-10-14T04:09:00.000Z,Results of Annual General Meeting,45KB,false,KIS,,"[""Results of Meeting""]","[{""symbolDisplay"": ""KIS""}]","[{""symbol"": ""G6M"", ""xid"": ""142754"", ""ASXSecurityType"": 1, ""displayName"": ""GROUP 6 METALS LIMITED"", ""issueType"": ""CS"", ""issueTypeName"": ""Common Stock"", ""issueTypeCode"": 1, ""isin"": ""AU0000188021"", ""xidEntity"": 204150649, ""sector"": ""Materials"", ""industryGroup"": ""Materials"", ""industry"": ""Metals & Mining"", ""subIndustry"": ""Diversified Metals & Mining""}]","[""KIS"", """"]"
G6M,204150649,2995-00989077-2A565158,2009-09-17T03:53:00.000Z,Annual Report to shareholders,9284KB,false,KIS,,"[""Annual Report"", ""Top 20 shareholders"", ""Full Year Accounts"", ""Full Year Audit Review"", ""Full Year Directors' Statement"", ""Full Year Directors' Report""]","[{""symbolDisplay"": ""KIS""}]","[{""symbol"": ""G6M"", ""xid"": ""142754"", ""ASXSecurityType"": 1, ""displayName"": ""GROUP 6 METALS LIMITED"", ""issueType"": ""CS"", ""issueTypeName"": ""Common Stock"", ""issueTypeCode"": 1, ""isin"": ""AU0000188021"", ""xidEntity"": 204150649, ""sector"": ""Materials"", ""industryGroup"": ""Materials"", ""industry"": ""Metals & Mining"", ""subIndustry"": ""Diversified Metals & Mining""}]","[""KIS"", """"]"
G6M,204150649,2995-00987599-2A564587,2009-09-11T09:19:00.000Z,Notice of Annual General Meeting/Proxy Form,134KB,false,KIS,,"[""Notice of Annual General Meeting"", ""Proxy Form""]","[{""symbolDisplay"": ""KIS""}]","[{""symbol"": ""G6M"", ""xid"": ""142754"", ""ASXSecurityType"": 1, ""displayName"": ""GROUP 6 METALS LIMITED"", ""issueType"": ""CS"", ""issueTypeName"": ""Common Stock"", ""issueTypeCode"": 1, ""isin"": ""AU0000188021"", ""xidEntity"": 204150649, ""sector"": ""Materials"", ""industryGroup"": ""Materials"", ""industry"": ""Metals & Mining"", ""subIndustry"": ""Diversified Metals & Mining""}]","[""KIS"", """"]"
G6M,204150649,2995-00981541-2A562120,2009-08-26T08:03:00.000Z,Full Year Statutory Accounts 2009,1541KB,false,KIS,,"[""Top 20 shareholders"", ""Full Year Accounts"", ""Full Year Audit Review"", ""Full Year Directors' Statement"", ""Full Year Directors' Report""]","[{""symbolDisplay"": ""KIS""}]","[{""symbol"": ""G6M"", ""xid"": ""142754"", ""ASXSecurityType"": 1, ""displayName"": ""GROUP 6 METALS LIMITED"", ""issueType"": ""CS"", ""issueTypeName"": ""Common Stock"", ""issueTypeCode"": 1, ""isin"": ""AU0000188021"", ""xidEntity"": 204150649, ""sector"": ""Materials"", ""industryGroup"": ""Materials"", ""industry"": ""Metals & Mining"", ""subIndustry"": ""Diversified Metals & Mining""}]","[""KIS"", """"]"
G6M,204150649,2995-00974074-2A558911,2009-07-31T07:21:00.000Z,Investor Update July 2009,1439KB,false,KIS,,"[""Progress Report""]","[{""symbolDisplay"": ""KIS""}]","[{""symbol"": ""G6M"", ""xid"": ""142754"", ""ASXSecurityType"": 1, ""displayName"": ""GROUP 6 METALS LIMITED"", ""issueType"": ""CS"", ""issueTypeName"": ""Common Stock"", ""issueTypeCode"": 1, ""isin"": ""AU0000188021"", ""xidEntity"": 204150649, ""sector"": ""Materials"", ""industryGroup"": ""Materials"", ""industry"": ""Metals & Mining"", ""subIndustry"": ""Diversified Metals & Mining""}]","[""KIS"", """"]"
G6M,204150649,2995-00974067-2A558908,2009-07-31T07:17:00.000Z,Quarterly Cashflow Report June 2009,36KB,true,KIS,,"[""Fourth Quarter Cash Flow Report""]","[{""symbolDisplay"": ""KIS""}]","[{""symbol"": ""G6M"", ""xid"": ""142754"", ""ASXSecurityType"": 1, ""displayName"": ""GROUP 6 METALS LIMITED"", ""issueType"": ""CS"", ""issueTypeName"": ""Common Stock"", ""issueTypeCode"": 1, ""isin"": ""AU0000188021"", ""xidEntity"": 204150649, ""sector"": ""Materials"", ""industryGroup"": ""Materials"", ""industry"": ""Metals & Mining"", ""subIndustry"": ""Diversified Metals & Mining""}]","[""KIS"", """"]"
G6M,204150649,2995-00974059-2A558905,2009-07-31T07:15:00.000Z,Quarterly Activities Report June 2009,55KB,true,KIS,,"[""Fourth Quarter Activities Report""]","[{""symbolDisplay"": ""KIS""}]","[{""symbol"": ""G6M"", ""xid"": ""142754"", ""ASXSecurityType"": 1, ""displayName"": ""GROUP 6 METALS LIMITED"", ""issueType"": ""CS"", ""issueTypeName"": ""Common Stock"", ""issueTypeCode"": 1, ""isin"": ""AU0000188021"", ""xidEntity"": 204150649, ""sector"": ""Materials"", ""industryGroup"": ""Materials"", ""industry"": ""Metals & Mining"", ""subIndustry"": ""Diversified Metals & Mining""}]","[""KIS"", """"]"
G6M,204150649,2995-00966704-2A556262,2009-07-06T03:21:00.000Z,Change of Principal Place of Business,28KB,false,KIS,,"[""Details of Company Address""]","[{""symbolDisplay"": ""KIS""}]","[{""symbol"": ""G6M"", ""xid"": ""142754"", ""ASXSecurityType"": 1, ""displayName"": ""GROUP 6 METALS LIMITED"", ""issueType"": ""CS"", ""issueTypeName"": ""Common Stock"", ""issueTypeCode"": 1, ""isin"": ""AU0000188021"", ""xidEntity"": 204150649, ""sector"": ""Materials"", ""industryGroup"": ""Materials"", ""industry"": ""Metals & Mining"", ""subIndustry"": ""Diversified Metals & Mining""}]","[""KIS"", """"]"
G6M,204150649,2995-00949176-2A549106,2009-04-30T07:13:00.000Z,Quarterly Cashflow Report March 2009,34KB,true,KIS,,"[""Third Quarter Cash Flow Report""]","[{""symbolDisplay"": ""KIS""}]","[{""symbol"": ""G6M"", ""xid"": ""142754"", ""ASXSecurityType"": 1, ""displayName"": ""GROUP 6 METALS LIMITED"", ""issueType"": ""CS"", ""issueTypeName"": ""Common Stock"", ""issueTypeCode"": 1, ""isin"": ""AU0000188021"", ""xidEntity"": 204150649, ""sector"": ""Materials"", ""industryGroup"": ""Materials"", ""industry"": ""Metals & Mining"", ""subIndustry"": ""Diversified Metals & Mining""}]","[""KIS"", """"]"
G6M,204150649,2995-00949174-2A549105,2009-04-30T07:11:00.000Z,Quarterly Activities Report March 2009,61KB,true,KIS,,"[""Third Quarter Activities Report""]","[{""symbolDisplay"": ""KIS""}]","[{""symbol"": ""G6M"", ""xid"": ""142754"", ""ASXSecurityType"": 1, ""displayName"": ""GROUP 6 METALS LIMITED"", ""issueType"": ""CS"", ""issueTypeName"": ""Common Stock"", ""issueTypeCode"": 1, ""isin"": ""AU0000188021"", ""xidEntity"": 204150649, ""sector"": ""Materials"", ""industryGroup"": ""Materials"", ""industry"": ""Metals & Mining"", ""subIndustry"": ""Diversified Metals & Mining""}]","[""KIS"", """"]"
G6M,204150649,2995-00947607-2A548688,2009-04-28T07:10:00.000Z,Changed Telephone Numbers,68KB,false,KIS,,"[""Company Administration - Other""]","[{""symbolDisplay"": ""KIS""}]","[{""symbol"": ""G6M"", ""xid"": ""142754"", ""ASXSecurityType"": 1, ""displayName"": ""GROUP 6 METALS LIMITED"", ""issueType"": ""CS"", ""issueTypeName"": ""Common Stock"", ""issueTypeCode"": 1, ""isin"": ""AU0000188021"", ""xidEntity"": 204150649, ""sector"": ""Materials"", ""industryGroup"": ""Materials"", ""industry"": ""Metals & Mining"", ""subIndustry"": ""Diversified Metals & Mining""}]","[""KIS"", """"]"
G6M,204150649,2995-00940303-2A545732,2009-03-30T04:13:00.000Z,Change in substantial holding Gibson,814KB,false,KIS,,"[""Change in substantial holding""]","[{""symbolDisplay"": ""KIS""}]","[{""symbol"": ""G6M"", ""xid"": ""142754"", ""ASXSecurityType"": 1, ""displayName"": ""GROUP 6 METALS LIMITED"", ""issueType"": ""CS"", ""issueTypeName"": ""Common Stock"", ""issueTypeCode"": 1, ""isin"": ""AU0000188021"", ""xidEntity"": 204150649, ""sector"": ""Materials"", ""industryGroup"": ""Materials"", ""industry"": ""Metals & Mining"", ""subIndustry"": ""Diversified Metals & Mining""}]","[""KIS"", """"]"
G6M,204150649,2995-00933570-2A542724,2009-03-03T22:54:00.000Z,Half Year Accounts December 2008,222KB,false,KIS,,"[""Top 20 shareholders"", ""Half Year Audit Review"", ""Half Year Directors' Statement"", ""Half Year Accounts"", ""Half Year Directors' Report""]","[{""symbolDisplay"": ""KIS""}]","[{""symbol"": ""G6M"", ""xid"": ""142754"", ""ASXSecurityType"": 1, ""displayName"": ""GROUP 6 METALS LIMITED"", ""issueType"": ""CS"", ""issueTypeName"": ""Common Stock"", ""issueTypeCode"": 1, ""isin"": ""AU0000188021"", ""xidEntity"": 204150649, ""sector"": ""Materials"", ""industryGroup"": ""Materials"", ""industry"": ""Metals & Mining"", ""subIndustry"": ""Diversified Metals & Mining""}]","[""KIS"", """"]"
G6M,204150649,2995-00926174-2A539242,2009-02-10T08:23:00.000Z,Balfour Joint Venture,65KB,true,KIS,,"[""Asset Acquisition"", ""Progress Report""]","[{""symbolDisplay"": ""KIS""}]","[{""symbol"": ""G6M"", ""xid"": ""142754"", ""ASXSecurityType"": 1, ""displayName"": ""GROUP 6 METALS LIMITED"", ""issueType"": ""CS"", ""issueTypeName"": ""Common Stock"", ""issueTypeCode"": 1, ""isin"": ""AU0000188021"", ""xidEntity"": 204150649, ""sector"": ""Materials"", ""industryGroup"": ""Materials"", ""industry"": ""Metals & Mining"", ""subIndustry"": ""Diversified Metals & Mining""}]","[""KIS"", """"]"
G6M,204150649,2995-00923385-2A538076,2009-01-30T05:15:00.000Z,Quarterly Cashflow Report December 2008,57KB,true,KIS,,"[""Second Quarter Cash Flow Report""]","[{""symbolDisplay"": ""KIS""}]","[{""symbol"": ""G6M"", ""xid"": ""142754"", ""ASXSecurityType"": 1, ""displayName"": ""GROUP 6 METALS LIMITED"", ""issueType"": ""CS"", ""issueTypeName"": ""Common Stock"", ""issueTypeCode"": 1, ""isin"": ""AU0000188021"", ""xidEntity"": 204150649, ""sector"": ""Materials"", ""industryGroup"": ""Materials"", ""industry"": ""Metals & Mining"", ""subIndustry"": ""Diversified Metals & Mining""}]","[""KIS"", """"]"
G6M,204150649,2995-00923381-2A538075,2009-01-30T05:12:00.000Z,Quarterly Activities Report December 2008,93KB,true,KIS,,"[""Second Quarter Activities Report""]","[{""symbolDisplay"": ""KIS""}]","[{""symbol"": ""G6M"", ""xid"": ""142754"", ""ASXSecurityType"": 1, ""displayName"": ""GROUP 6 METALS LIMITED"", ""issueType"": ""CS"", ""issueTypeName"": ""Common Stock"", ""issueTypeCode"": 1, ""isin"": ""AU0000188021"", ""xidEntity"": 204150649, ""sector"": ""Materials"", ""industryGroup"": ""Materials"", ""industry"": ""Metals & Mining"", ""subIndustry"": ""Diversified Metals & Mining""}]","[""KIS"", """"]"
G6M,204150649,2995-00920942-2A537220,2009-01-22T03:45:00.000Z,Appendix 3B for issue of unquoted Options,68KB,false,KIS,,"[""Appendix 3B""]","[{""symbolDisplay"": ""KIS""}]","[{""symbol"": ""G6M"", ""xid"": ""142754"", ""ASXSecurityType"": 1, ""displayName"": ""GROUP 6 METALS LIMITED"", ""issueType"": ""CS"", ""issueTypeName"": ""Common Stock"", ""issueTypeCode"": 1, ""isin"": ""AU0000188021"", ""xidEntity"": 204150649, ""sector"": ""Materials"", ""industryGroup"": ""Materials"", ""industry"": ""Metals & Mining"", ""subIndustry"": ""Diversified Metals & Mining""}]","[""KIS"", """"]"
G6M,204150649,2995-00914439-2A534248,2008-12-17T21:25:00.000Z,Appointment of Chief Executive Officer,37KB,false,KIS,,"[""Director Appointment/Resignation""]","[{""symbolDisplay"": ""KIS""}]","[{""symbol"": ""G6M"", ""xid"": ""142754"", ""ASXSecurityType"": 1, ""displayName"": ""GROUP 6 METALS LIMITED"", ""issueType"": ""CS"", ""issueTypeName"": ""Common Stock"", ""issueTypeCode"": 1, ""isin"": ""AU0000188021"", ""xidEntity"": 204150649, ""sector"": ""Materials"", ""industryGroup"": ""Materials"", ""industry"": ""Metals & Mining"", ""subIndustry"": ""Diversified Metals & Mining""}]","[""KIS"", """"]"
G6M,204150649,2995-00914438-2A534249,2008-12-17T21:25:00.000Z,Appointment of Project Manager,36KB,false,KIS,,"[""Company Administration - Other""]","[{""symbolDisplay"": ""KIS""}]","[{""symbol"": ""G6M"", ""xid"": ""142754"", ""ASXSecurityType"": 1, ""displayName"": ""GROUP 6 METALS LIMITED"", ""issueType"": ""CS"", ""issueTypeName"": ""Common Stock"", ""issueTypeCode"": 1, ""isin"": ""AU0000188021"", ""xidEntity"": 204150649, ""sector"": ""Materials"", ""industryGroup"": ""Materials"", ""industry"": ""Metals & Mining"", ""subIndustry"": ""Diversified Metals & Mining""}]","[""KIS"", """"]"
